28
15
6
1
45
46
34
49
28
45
5
58
45
48
43
16
52
42
58
45
11
66
18
1
71
72
70
63
46
73
18
61
51
79
31
39
17
5
71
72
64
23
41
43
62
41
19
12
46
35
99
25
100
79
21
44
105
57
18
57
62
96
104
73
96
105
59
89
53
41
102
33
104
37
33
79
116
74
43
97
49
49
128
63
58
50
97
135
76
60
123
124
103
86
87
137
88
86
129
117
146
129
81
96
133
71
138
109
127
88
100
115
138
121
77
161
147
130
101
98
78
78
106
170
95
129
141
103
99
115
89
131
155
127
119
106
146
148
146
95
118
150
144
184
164
181
153
130
123
179
193
111
162
148
157
120
177
178
148
144
171
118
210
145
162
119
122
125
140
157
152
138
206
167
126
136
126
175
196
210
178
208
220
181
201
218
178
178
146
232
163
176
163
153
199
158
197
212
158
183
235
173
161
191
212
230
235
209
182
226
170
215
243
251
242
258
176
228
256
209
235
239
230
210
214
225
253
274
196
268
248
261
228
208
216
209
208
278
278
255
275
212
275
219
207
266
295
280
294
232
259
251
217
227
218
224
239
236
239
236
289
270
284
297
266
288
262
219
277
290
275
278
298
276
290
257
267
257
265
242
316
327
253
243
236
257
279
264
250
255
288
299
306
306
274
314
345
252
326
316
308
306
284
297
267
257
337
347
296
322
296
288
332
327
353
291
358
305
338
269
296
306
333
313
315
278
305
283
342
282
327
285
314
362
350
334
333
349
368
351
346
327
320
330
339
343
390
349
348
364
305
321
337
399
350
344
380
338
341
393
356
350
406
350
367
365
380
324
413
384
381
348
365
401
410
391
361
403
408
426
379
372
408
418
336
363
344
410
346
352
438
369
391
397
391
442
369
376
439
353
445
437
360
437
448
365
364
377
381
387
385
424
454
371
455
374
377
427
446
448
451
379
384
394
453
435
472
397
442
434
477
420
472
460
441
467
408
475
406
464
410
394
479
395
467
483
425
446
413
408
441
407
457
489
473
470
479
470
417
479
442
495
476
427
446
441
496
490
474
495
519
422
470
426
498
524
475
514
473
483
529
433
520
459
515
495
492
494
481
456
498
523
504
500
526
487
462
483
456
533
512
500
501
457
511
506
496
542
504
485
470
497
545
485
560
542
545
513
541
471
529
570
556
511
504
564
520
563
516
515
541
510
574
495
540
576
546
518
494
556
579
588
566
567
526
571
520
524
548
547
577
538
545
515
580
565
554
597
583
532
582
523
534
542
569
564
527
588
613
564
527
608
577
560
572
563
532
619
574
594
540
605
578
625
632
543
617
572
614
544
616
568
623
606
563
615
561
644
578
613
569
560
613
564
604
594
574
594
588
598
560
577
614
629
640
633
627
610
606
626
638
650
576
658
620
662
619
654
593
622
595
634
597
646
649
617
600
662
670
685
672
660
658
676
624
655
691
641
669
649
632
605
634
654
667
639
633
694
695
629
630
659
644
659
644
623
633
626
668
676
630
673
641
714
691
635
691
706
636
636
706
675
716
662
662
709
671
658
676
639
652
681
736
737
661
720
690
724
708
671
725
661
684
737
673
720
753
730
744
695
724
672
718
706
718
750
745
715
692
759
730
731
707
675
770
736
680
686
729
695
735
741
686
764
730
742
734
706
761
783
777
763
739
747
769
720
772
770
710
796
734
800
772
782
745
778
805
725
792
710
786
712
787
739
760
780
776
718
773
816
732
808
732
741
821
812
779
728
746
738
760
786
798
784
830
788
765
762
781
792
821
798
754
820
771
819
787
810
796
759
846
780
785
768
813
836
806
798
829
774
823
786
857
845
803
823
770
859
837
833
772
789
832
799
856
796
872
845
783
839
819
845
854
810
868
873
816
837
796
878
884
866
808
880
845
807
841
830
896
885
800
882
890
805
861
827
836
840
827
874
828
836
841
896
913
914
910
889
894
858
849
842
841
823
866
869
885
839
846
925
889
910
868
861
898
865
867
903
867
884
917
865
860
893
860
942
855
849
896
884
938
891
897
909
911
951
877
956
928
939
895
874
955
944
876
892
866
953
918
921
895
936
890
914
911
968
939
927
936
886
975
887
888
899
892
949
914
949
920
895
900
952
933
952
917
992
939
989
940
960
989
946
994
939
908
911
954
970
983
928
983
997
973
976
961
920
961
945
991
928
967
992
922
988
995
930
990
993
942
988
936
949
979
999
957
956
986
995
975
963
967
986
974
989
968
994
947
979
998
970
