954
969
978
964
997
963
987
964
988
955
958
950
947
951
979
942
990
964
991
983
990
984
930
927
995
961
950
962
952
923
966
973
928
924
956
942
984
949
951
922
967
927
983
920
922
996
973
937
983
917
960
940
944
913
941
980
901
945
932
911
911
944
924
961
893
957
925
974
919
936
882
883
945
974
937
879
924
961
899
968
893
888
925
910
948
939
874
923
889
861
888
942
904
917
899
869
929
936
891
942
945
865
874
911
877
938
935
928
923
934
871
937
870
908
935
856
923
879
842
861
885
893
874
913
885
837
826
858
904
900
844
913
850
826
906
862
903
875
899
832
890
889
815
901
863
865
867
837
892
813
802
814
864
884
803
892
826
884
795
868
826
884
882
833
804
865
833
857
788
793
860
861
819
820
846
872
859
797
857
795
812
794
807
855
772
849
838
765
809
837
789
789
825
848
787
759
837
845
795
782
792
817
812
749
787
829
750
841
834
779
829
742
812
758
766
760
754
797
797
758
751
821
827
751
764
739
812
816
740
809
746
800
757
780
782
776
733
728
800
729
719
748
744
781
749
761
744
791
704
786
788
784
737
768
745
734
765
772
695
769
786
690
712
699
721
735
723
780
756
769
693
760
693
750
679
741
700
737
672
705
737
699
766
715
690
715
691
707
669
737
703
728
678
722
669
660
656
694
740
690
650
700
708
664
706
702
729
648
664
687
696
680
697
644
720
675
663
715
647
689
720
632
691
680
722
699
648
649
630
691
630
684
656
642
696
698
619
696
632
710
700
687
642
673
674
679
675
667
652
683
684
639
667
620
694
634
623
640
667
635
595
674
658
674
637
596
587
597
677
613
625
635
589
627
607
603
660
668
633
617
640
663
629
664
596
612
643
607
606
592
585
637
601
616
648
615
586
569
633
649
601
571
616
569
617
565
581
554
624
553
623
542
562
615
570
558
593
574
601
619
569
550
581
588
534
552
610
541
552
532
562
597
607
592
592
568
582
521
586
608
609
556
593
554
594
538
576
564
517
560
533
528
549
508
562
532
578
548
578
519
496
496
571
558
553
502
541
578
535
482
546
499
561
506
510
476
474
510
546
565
514
471
489
478
521
530
491
539
504
485
487
539
465
521
533
478
503
546
505
460
535
538
476
496
479
490
500
489
540
451
487
488
444
534
524
478
525
450
443
453
482
476
467
520
502
439
434
505
427
436
459
424
434
447
506
507
490
432
501
508
493
422
507
451
440
413
433
406
406
493
485
455
420
402
463
442
469
414
437
487
419
419
413
397
392
413
416
413
448
387
451
472
396
434
443
415
390
438
419
437
393
425
381
461
425
378
380
411
406
419
366
401
436
375
435
413
404
407
411
419
360
375
392
370
382
396
409
381
343
366
383
392
391
425
421
339
395
341
358
338
402
340
419
396
375
334
410
328
367
391
408
340
342
330
408
389
402
381
371
396
338
362
335
322
308
382
381
352
326
362
361
349
307
308
301
375
362
322
309
361
361
388
358
305
383
372
378
379
284
314
341
290
368
307
335
305
297
323
296
326
357
290
306
320
355
348
292
290
271
331
299
358
258
264
284
286
259
315
263
256
333
294
309
343
253
328
261
278
336
255
271
245
328
309
301
238
321
265
326
269
273
315
263
283
261
237
254
257
247
288
313
223
236
230
284
267
254
259
292
288
217
242
208
268
268
231
221
280
295
244
206
262
201
209
258
236
260
215
270
273
283
189
202
210
215
216
273
223
200
224
229
269
273
202
263
273
211
210
201
227
191
181
244
221
244
174
187
187
219
258
185
178
232
161
183
156
183
214
180
153
246
239
231
246
227
230
225
225
232
177
160
195
173
137
215
197
170
168
205
148
184
158
151
134
195
192
173
195
141
178
125
146
156
150
178
165
159
147
122
173
110
208
143
197
108
118
147
165
166
138
143
159
122
157
179
177
128
142
165
187
94
91
98
125
110
88
167
140
108
171
150
162
118
111
92
122
147
76
136
71
110
146
163
107
74
77
138
98
95
96
152
157
89
135
131
57
133
55
119
137
93
120
129
81
132
141
47
50
125
46
75
113
64
108
133
61
46
82
71
52
46
36
96
72
81
82
97
92
54
24
22
74
58
27
84
30
73
34
61
84
94
91
23
35
95
66
29
43
17
67
35
84
15
48
9
36
34
16
40
30
86
80
10
52
54
11
54
27
70
79
53
21
73
9
6
59
31
8
66
30
1
64
3
14
48
48
49
24
30
52
21
13
45
8
19
18
28
12
22
7
