9535
2331
8790
2199
939
1275
8779
5754
7700
1909
3970
6968
6100
2937
9197
7522
5077
4781
5203
9582
3903
2188
9678
678
8887
1385
9280
8442
8379
8895
631
6120
6987
1492
4554
7934
3198
3257
566
620
9411
6179
7984
3771
9753
5366
5937
6954
8990
8535
7024
6018
5366
2184
8399
4483
1242
3605
9659
8444
8047
8712
9077
5058
6244
593
8417
5322
6763
2594
1900
1626
7660
2811
6670
9319
8657
3918
580
9436
6634
3399
8051
6610
7165
4482
6294
2217
744
7314
2304
7836
7474
3262
5655
8204
698
2606
3390
6054
8266
7362
1035
3416
9992
6471
8164
5305
1197
184
7801
2047
5192
4111
6449
5929
2050
1099
5556
6365
7074
895
5824
5268
18
3347
2931
1001
5280
823
6947
4881
4049
9451
8019
9005
1715
6825
7736
7918
7705
5891
9005
9557
362
872
7221
2764
6487
1291
2074
9716
3716
4432
2398
1607
4054
4889
6163
5083
8537
2267
3895
5050
6302
4537
6624
6772
6104
5075
8779
6407
4730
5993
2376
4562
4688
9000
1314
1807
3053
7768
3605
8618
4413
2501
5003
4752
3494
8276
9599
4661
7217
3595
1726
6247
1711
4546
8765
9970
7105
2990
6291
4146
1803
4271
5429
107
8392
1097
7232
7845
5329
5420
454
8729
2116
9447
7158
6944
804
205
5279
5395
3346
9512
8484
5031
2599
2634
1425
8724
4542
4438
2867
2199
703
1427
54
4811
2698
1696
5149
2447
5289
2532
8640
3267
447
7170
