1036
5443
4837
9145
2491
3338
1244
4944
6283
9104
1071
545
6758
7306
8549
646
3235
9068
6541
6489
1947
5378
5740
3358
1791
4917
6011
9420
5346
8999
1876
8917
5288
2742
9229
1935
303
6024
5771
5033
3953
9929
3350
1853
4522
4429
6448
515
3830
858
7359
5064
8242
8365
5282
1531
5631
6990
3508
5285
7977
1266
6129
5248
399
7307
3337
2299
3965
3249
2228
3708
1409
7596
8281
2810
1997
2526
1167
3297
4226
9552
7432
477
2796
3056
1693
7638
9314
3162
7487
4268
4603
3171
8676
4291
4136
8369
2405
6708
7131
2384
4987
8079
4136
4472
2841
6128
7561
6131
1603
6416
4537
8250
7871
9529
1739
649
9720
4476
7351
4289
4054
5149
6233
2734
1157
560
526
3471
9386
6340
9422
1600
5853
4505
8644
8128
2155
851
2281
2556
7729
4502
7080
4818
7263
2134
2016
4749
2724
153
4035
8198
5044
1752
4227
7676
5276
2140
7365
1990
109
4513
1751
3709
2049
1341
5606
5497
273
412
858
6354
4191
2754
5131
6653
8093
9997
7959
6458
1907
2080
7827
5086
52
2255
2490
1121
7648
5310
6224
1166
942
6617
4138
2502
6692
4176
5489
9516
3475
3187
5075
6279
6416
2809
4187
7967
5657
7799
360
1964
8045
3465
8235
5422
983
997
2170
9819
7160
1662
4965
4625
8963
2542
6038
1583
1769
3587
6692
8284
6049
5553
9746
4752
9212
1116
5723
9557
9479
6876
8042
2625
5710
2308
5206
347
9088
2784
8857
4853
4821
7716
2746
3405
4621
1615
9163
5712
3621
5373
6179
6708
8593
7447
1159
9823
7875
9801
3456
1084
7226
1401
1934
7560
2
2897
1006
4571
4505
9694
2278
4856
6112
7045
7529
9483
6905
28
2800
4638
916
3305
2615
654
8799
417
8029
9632
1789
36
2103
5845
1124
7066
1640
8736
5779
9798
4606
1778
8304
388
8494
1717
5846
4890
6099
1796
1008
769
1639
9443
5131
4370
1997
3599
4747
8185
4941
9376
532
7911
8637
8051
6876
2267
4513
8554
9382
4353
8566
2525
7024
1912
4601
8803
5518
5282
6561
4772
8497
6057
6089
1374
3530
6512
5796
5780
696
9700
8298
766
2479
2801
6054
2602
5078
1777
7228
9943
2866
3670
8422
4642
9714
4005
5924
1664
3158
657
3362
9352
9974
2271
5108
3181
4642
8879
1583
5843
5372
4693
4770
3997
5904
8237
9624
7362
5130
2939
9853
8939
727
2123
4569
6131
7478
5908
5712
1253
5686
3980
4792
6516
243
7383
1517
2962
6237
4566
6172
4998
2763
1740
2240
2205
2586
5270
5661
7932
1658
4337
2419
9779
9133
5339
6645
569
5510
5668
7343
9630
3766
3362
2998
3307
5981
888
9828
493
5810
5860
1250
3663
5409
8811
3250
8432
3912
8349
2774
4931
3428
6985
3999
2490
7650
6700
419
5007
7642
1945
9014
8184
9157
9176
6493
1361
5897
6238
6565
6068
3556
1983
1511
622
191
6332
952
5089
9478
3682
5629
3765
4762
8006
4273
2970
3469
6329
7171
370
3379
8320
939
8341
4569
3684
5163
7926
3402
5772
3084
1840
7848
9336
5294
4668
6625
2741
7550
5919
8194
108
1214
6909
9452
6812
7605
5584
8140
2592
5583
4359
7443
99
5052
4777
6014
3148
7783
9394
1776
8148
898
5655
3217
4243
7716
8757
7650
2541
5253
461
1891
2469
7591
8675
7178
3790
9613
8245
6796
6085
6115
6849
1813
3623
7197
1132
7665
2452
2020
7319
1830
8273
9498
7392
830
8199
6308
6660
2920
6861
9717
1010
1417
7474
5160
2493
2427
1478
6242
6
9882
6133
7901
7791
269
8073
1831
8223
9200
2225
6948
6950
2076
9739
6677
7801
1469
5609
9148
2109
4597
6509
5997
2081
5248
2071
419
686
5902
8251
5335
1149
7387
9782
8123
7613
5426
9775
9217
4755
5666
8452
8054
8252
1390
9751
1348
9840
1010
4033
5495
452
5639
7534
6991
2375
588
4318
2224
6741
8444
4502
708
5767
5567
3296
3902
119
8283
9010
5124
538
9824
4603
4749
9430
4180
6558
8871
2512
8398
6933
8928
2799
595
9275
4387
9236
6972
6747
545
91
7444
1322
8720
6858
6178
6145
6682
7889
260
9319
3023
2194
7010
6244
380
2960
8052
9389
8873
7206
6130
8916
2977
2676
8890
4924
2113
5620
2370
2239
7729
3383
5763
1682
7347
3911
8202
7506
9113
183
7737
9308
8785
1375
2481
8159
4735
4109
3974
878
5571
6531
3231
3476
9259
5175
623
4579
2282
9553
1792
2387
2262
2261
3145
4117
7751
2991
2077
5253
4438
3335
9101
6958
7877
5475
1273
3970
9059
1963
8945
2005
591
5657
735
3240
8113
8600
4850
805
3641
6098
8390
8371
5022
7634
133
8904
8357
9331
6426
7453
8375
3659
4282
6428
5062
839
556
8256
3558
2950
1158
9516
8298
6153
9659
2712
1733
8624
385
6684
2517
1813
7063
4324
8046
459
4487
6746
1420
2419
7281
6359
3504
2849
6794
7366
6593
8482
4483
1172
7411
6870
7667
5865
3609
2320
1486
3518
9805
4934
9082
6378
6264
1720
557
3201
5785
9007
100
9954
2103
3583
9819
4903
6151
5875
8280
6709
4912
2295
1546
5565
1281
5417
4557
1640
2322
36
1141
2149
7643
386
1630
8182
9210
8762
8073
5149
8864
8650
8411
6126
44
6082
2584
5695
5773
1387
5550
2999
5846
9766
4430
6599
2323
3203
9601
497
3935
8089
2470
203
6818
2650
5844
80
1107
5769
6369
8377
346
4125
2322
4331
3431
7693
4218
2512
6843
4615
122
3180
8308
5184
2365
3869
1696
1287
7437
6588
6970
2017
6220
7134
8300
8366
7456
7806
8076
9922
3360
2522
4487
4317
2619
3792
5575
5799
2692
4293
3234
2771
263
1912
6488
5360
5980
6024
4568
3198
7223
4499
6793
443
514
5493
8086
9790
3406
5396
6054
9713
4228
4522
7998
9531
6880
5063
3979
4976
7030
1636
5103
2943
5532
3373
4557
7834
4658
7882
2631
3462
2814
1676
5939
3919
3835
8671
5341
3946
7630
8247
6741
4410
20
6983
3803
1270
897
3713
1915
7080
1538
5789
8279
2504
3819
5567
3858
1590
6387
54
9110
8626
5419
3357
6932
6255
498
1148
3028
4277
9357
8674
6051
6017
8754
9048
7302
4507
2590
6512
2491
3841
2538
147
6144
2005
887
7133
2608
272
116
1058
6269
784
8770
9
7610
8367
8634
1232
1044
4796
3895
3964
5053
3741
9022
9767
5129
2463
8422
104
5227
1942
7589
4243
4020
582
2412
6648
8094
7890
606
1942
5423
3602
6792
7254
8943
4607
666
6304
1857
6734
5924
6936
3424
953
6094
3966
6409
3880
2317
2195
5126
612
7221
244
6054
3849
8525
4436
1369
7039
5787
3403
9452
843
3762
8301
5360
1603
6288
566
8639
7692
5286
8996
5393
4649
522
615
6523
2801
7076
5234
4248
1716
9161
1946
4600
4306
854
6874
4451
9610
6607
5404
7801
7396
6981
8882
7568
9598
7941
5280
5900
3290
5277
5693
8191
7417
9239
3700
3365
838
8289
2591
5778
2335
5062
6265
2107
4233
2061
3196
17
0
9389
9292
4001
2795
1937
4679
7874
6290
8797
1517
2622
1320
3440
4777
2993
1895
9171
5588
6101
1955
757
7243
601
9863
9733
7234
5504
1094
7888
4807
3604
831
684
2423
5669
7250
9970
1257
8011
3164
3233
5396
7900
8394
4849
6753
8371
7738
3332
2900
6429
9740
7404
2954
6377
9590
2865
2498
3080
5439
1695
7080
8307
1157
4621
5275
7026
169
8442
6499
9457
4334
9812
5832
9067
9096
7909
7943
6240
1079
9432
4878
2341
7178
695
7955
9109
4790
3260
2303
3874
1297
1501
3671
1972
7181
2768
1071
3899
1186
3400
5532
6258
7882
6758
4781
2338
7630
2642
6037
302
6492
982
4254
4380
8931
6549
1128
7215
9308
5560
997
9558
9086
9528
3320
6894
5463
6478
7896
1237
3683
4741
8162
349
9691
9939
9978
5937
1975
1476
8152
6997
1455
891
619
4403
6111
760
687
8104
2652
9479
1018
8821
1006
4238
9160
2019
8639
1744
3315
3117
820
3881
8805
9379
9789
3344
190
5739
529
2543
1390
8949
3314
7578
6297
6836
3554
7907
5358
7247
7578
1524
9393
4254
8943
4875
524
7635
3631
6559
1498
5258
4057
3921
8919
7033
1182
2058
2950
3400
1265
5463
5891
911
8743
3568
4705
2439
9600
2777
8063
9745
177
9230
6729
1735
4868
8509
7252
2575
2358
759
2832
23
4178
2309
1936
5850
1193
7747
4812
6990
3378
9638
393
8217
5711
6600
1231
4561
8362
4274
2101
4408
2465
7887
8706
2315
3738
9574
6494
3908
4952
8386
6045
3939
4821
6011
691
2552
5302
6631
4086
4135
1437
5044
289
7726
7941
3230
6597
7904
4507
1840
9829
324
7469
9765
77
6601
8898
1909
2021
9144
5468
2535
2821
7697
8501
9174
7357
5861
3482
9964
6086
7646
2035
5520
8180
1268
1875
4933
2731
9780
529
4368
3842
5930
6817
5847
1157
1641
9976
3301
6030
923
101
2711
4925
8669
5135
3291
5875
6821
9036
7015
877
3654
2941
4560
6933
1594
6136
6707
1136
3871
6523
1620
659
585
825
57
6817
309
3291
2524
3451
4219
7894
4683
3816
5914
3066
9871
6886
1626
9940
543
3513
2248
4744
3605
5242
825
3493
8177
3759
6490
2465
8144
6902
8644
1083
5985
7982
3192
4747
8883
8751
6033
3955
2833
2770
7689
2592
5603
5163
6935
2673
4778
6785
606
5014
2830
5678
1393
5320
7199
6360
5341
2981
9684
7977
6031
5546
6119
5621
2969
5236
4249
5245
7592
5168
5014
1497
1458
1990
20
9540
7701
8560
5898
6465
8633
4943
4442
5249
9494
8562
5962
4380
777
4628
2104
9256
9304
6120
3572
7244
1302
8540
7608
6900
9048
8404
9904
3263
6403
6040
5668
5348
7488
2611
5008
9049
7094
8500
8464
8457
1033
5198
9592
1312
9559
5666
2799
9760
7239
8751
6311
5894
8218
1727
2096
2643
6670
1238
6854
4505
8431
7051
771
9344
1294
4855
3619
2002
8248
4078
1030
2855
71
4201
7258
9569
1120
8335
4613
8339
4892
6011
3886
1643
3994
8055
4541
3164
2548
5160
8249
6954
7690
8388
4396
7142
879
4179
1627
6502
8985
8652
5175
7100
9772
6005
5770
3853
6322
3629
2253
2357
175
2189
6656
5587
3541
2373
7507
228
6784
1286
4354
2252
8569
495
4120
3147
2578
4668
7788
2683
6459
4418
4124
1514
5853
9463
5690
7027
8713
8575
1208
8866
2930
874
7522
6336
3290
9018
3832
8478
2194
8575
673
9072
2219
9421
6197
2984
7630
4441
2702
7381
6225
7953
7090
1139
2528
1316
9928
8478
8294
6003
9162
8298
6500
5048
6152
9010
577
2218
3671
9744
1502
4536
7802
2736
1552
7847
8221
8434
5000
6990
4287
4377
2870
1862
7554
1292
956
8148
4850
4993
7772
6825
9912
638
1800
9673
5708
6738
5525
8990
4034
9846
7041
8449
3778
7336
8760
8611
4296
4858
6697
5016
5760
7140
3150
8927
4066
5626
191
858
3881
4123
1321
4809
9784
4110
3890
6774
2081
4643
5432
4545
831
7905
2945
7069
8939
350
5318
731
2698
1137
5600
6769
6115
4076
1626
8758
3531
6682
624
1614
3607
56
5846
3855
6548
6356
1048
3035
5612
6344
1655
182
3409
8148
9852
2846
3271
9767
4497
7933
6045
2098
5779
4884
3099
6265
8798
6947
7000
8945
9936
3324
2381
1983
4738
7772
834
8124
6342
9879
5326
2948
8994
3693
1599
4211
2095
4633
6267
3699
6374
9676
3958
3448
5317
7722
8695
7711
1737
6712
7965
4409
1540
1593
1424
4969
4135
2550
48
9438
1701
6061
5659
4540
7578
2264
5248
5953
7406
903
9278
2505
5340
4674
8234
9206
1634
3204
7099
8083
7224
3054
3143
622
5535
9187
8429
3320
1684
1136
4790
8292
4490
2753
5683
4184
7246
7871
6269
8756
9109
5458
366
3408
111
6928
504
1634
9307
5150
5195
7959
7381
9400
5775
1251
2144
2998
3666
6457
7799
712
7768
1825
6580
1135
841
4410
4438
5184
3176
5335
818
5646
1659
7615
6238
4245
2405
3666
393
2120
5538
6574
7809
6762
1411
9136
7670
3506
8583
7280
9418
2469
5214
1
5919
2480
7171
6216
1574
1966
8129
43
3634
3068
9204
9937
1114
9268
8245
3845
7252
8748
1831
2060
8220
5381
6203
1847
2938
6741
6914
3037
6270
3883
801
1797
608
742
8033
555
8943
1974
6471
5680
5844
6799
5318
906
1489
2998
166
3749
7868
9582
6902
4190
5574
8880
7697
9739
4245
8747
8277
8699
9626
3486
2058
3879
5472
7646
3344
2333
9085
359
8772
2798
5116
9094
3447
1395
3475
820
5812
7929
3672
5420
3186
9625
9713
912
8124
6511
6806
2544
4281
2823
3566
8149
9287
1786
1130
275
1300
6902
3676
1565
5370
1505
3197
3602
5515
9738
5058
1032
8498
6334
9866
2151
5698
9658
1495
4314
187
2261
701
7590
7128
5924
8735
2851
6979
3612
5569
1158
2608
9054
2915
9734
3410
5779
3113
6082
1778
1348
1107
5866
9869
9247
8242
2089
7519
455
3429
2756
5359
9043
9322
1747
718
1343
8604
2957
7728
6187
8217
854
7213
4516
7405
1601
6388
265
8861
7614
3181
837
884
5014
5073
4715
2506
7815
7767
5801
2811
4889
4668
8924
322
5742
4251
8617
8229
8995
8650
3757
6514
3048
3529
3944
2543
1897
6188
9591
7611
312
6205
6635
8054
1655
424
8480
6099
8511
2080
2346
7357
998
1991
4542
9061
129
8331
9349
5511
3928
299
9170
4984
2132
163
9416
5400
1249
7627
168
4399
5537
227
8109
3196
982
3566
6414
2523
8801
5594
7345
3340
2153
9844
2160
4555
4753
3571
5575
4957
2931
8078
7553
6811
3294
148
3427
4107
6581
5493
4498
9331
4608
7371
5181
8808
1221
6144
9445
8158
87
8421
8907
6222
1857
7673
7222
7919
712
1694
633
3937
5667
6161
2496
7903
5109
7670
383
9741
4013
4089
7986
7271
2019
4861
449
6822
7164
8964
996
7588
4388
3627
8735
3790
198
2646
2414
3319
4822
9137
2536
1447
1060
3906
4734
3474
4625
7293
597
710
4262
9269
8236
47
1149
9875
3806
8614
6189
9665
6909
1422
676
7709
7371
1793
497
2943
8217
1417
6578
3157
9835
9366
4574
4773
3325
7111
4950
5696
6778
9634
544
2986
6870
1142
2473
6898
9557
7507
6789
2881
7881
6617
3718
3580
1943
2072
8464
3547
5965
5317
7618
432
9995
6219
7987
7738
9339
2344
5340
5891
3031
2737
8973
328
3823
2894
4281
7575
6041
3790
9594
2908
4395
9299
5407
6039
6406
3200
3842
4536
3401
9016
3683
8164
259
3434
1664
1207
2031
6726
3790
3961
6347
1723
1459
9060
4160
6195
5885
3069
7747
2220
899
8870
4153
86
8609
9755
4287
3611
4559
1873
2734
8349
9084
7686
1019
4100
9335
9439
7529
8395
2116
8281
601
8167
1113
1664
7375
2684
3334
8908
9938
2036
8688
2387
2004
1909
3492
9744
3929
7243
3384
696
1196
4435
3664
562
1684
4233
5370
1456
13
5158
3550
1251
3042
399
145
9885
9201
9448
7628
2341
5763
9468
1161
7737
2378
338
6369
4347
6237
1662
7067
1113
4099
9626
2257
7192
9052
6530
4553
2460
5397
6052
2822
3524
3289
2885
263
1765
5916
6216
5430
2196
5884
2747
7756
4525
4219
6400
1036
710
4919
8707
8000
6490
388
5955
6656
7915
8176
6631
4362
7750
7510
5424
8751
733
4826
8116
5577
1190
1149
5060
2277
1225
590
9612
2680
2849
8412
1903
2607
2762
9233
7617
8361
4239
704
6080
74
6613
5735
1880
9735
9139
6780
9500
9332
2721
8995
993
7995
9925
5190
2589
8297
964
4415
7324
927
966
7721
7259
3855
1690
9228
673
6765
9117
7935
6737
4104
6815
5903
2581
357
3867
1412
5457
9324
5268
1490
5706
5129
2162
6792
4649
6417
9086
3263
5174
6812
5454
9215
1804
4046
8925
3492
1325
7416
9009
276
4679
8188
298
8715
5763
425
6021
1073
2997
337
4321
1353
5125
688
1556
7479
3516
3082
9251
4023
9490
4988
3885
9203
6624
283
1612
9394
4832
1759
3226
6783
5133
1574
8195
942
1434
932
447
3072
8420
3422
2721
2466
2682
7386
767
8354
7599
1460
3463
6688
1153
3977
9985
665
9874
1336
596
5826
1396
2624
3288
5433
2738
7782
4593
9457
1346
4436
9169
1041
1191
4156
9434
7544
6758
2338
3503
9406
3634
7163
6920
8976
5600
2193
1304
3181
4601
3987
894
8453
1796
884
6222
3677
4999
1566
2643
7100
251
2338
303
6118
3019
235
1276
4634
7563
4959
9057
1314
1380
6454
5373
3446
5338
6469
9379
5366
9066
1863
4680
7450
5521
4602
352
1500
8230
8377
3156
1057
9663
4657
9474
629
9426
1553
7145
6105
6525
7370
9352
9757
820
6962
4973
7122
4952
3080
2402
9803
9568
6779
6758
7753
1410
678
3586
6975
6006
6326
5714
3719
4117
2308
3732
4268
3816
2801
4747
143
8175
7293
8482
2216
1853
897
4630
3609
8617
1270
386
469
5766
2569
2543
1798
780
9006
4210
4320
103
648
2266
6058
9927
1872
7970
2780
4056
8544
9825
4745
4528
3455
4749
7287
6499
757
863
7711
104
9280
2829
2670
8497
1430
8539
4767
3066
9120
4180
4458
3954
662
3240
3492
6451
2875
3834
9141
1540
818
7890
4214
1972
3484
5207
6481
3587
7548
5155
2553
5293
2866
8883
5473
106
2756
5319
2333
3954
9347
4909
8067
8589
9236
6138
4256
9844
7564
1146
7242
2764
9213
8446
8154
649
4315
2705
8535
5960
1493
3806
9198
7182
6331
18
6638
7260
4479
3000
902
6016
8452
5563
1145
1085
4751
6646
273
9323
3181
1815
8068
3399
3460
1719
2961
6343
5088
5423
6219
169
5244
287
8769
3396
6051
5186
48
6276
6904
9227
360
1843
9798
3849
3058
5516
5560
2234
518
5923
6737
6257
8383
4863
8523
7889
5819
4863
2545
8916
5638
8669
9598
93
7065
6196
6493
8495
5641
942
9049
9645
9315
9683
7985
9307
7104
6394
6954
8261
6893
3760
2290
2307
1908
3394
2184
8815
1197
8928
8936
655
8045
4518
1707
8098
1679
4992
8748
9363
1842
2838
7481
883
2840
1572
8011
9098
3565
4622
627
6577
2592
3789
720
6639
3005
1620
5130
2263
9836
7552
2416
7067
4141
8577
5793
8406
1624
1350
1553
5196
494
4158
7658
6029
2722
3973
6913
6301
5265
5940
6632
6629
2971
65
2003
8679
2857
2633
3545
8637
252
7928
9945
3080
887
9200
6360
6706
9443
6502
4818
6545
4293
3035
7759
2611
201
907
7926
699
5629
1869
7850
9062
8919
8499
9986
7021
8152
6561
4194
209
2720
9816
2693
4155
808
4437
3905
5125
5836
1356
5647
4778
6713
1360
5031
3072
1216
9590
7126
2071
9233
3164
6950
1825
2725
8124
9666
8345
2262
9639
2011
2842
5780
2421
3933
838
3801
6732
3136
9583
6775
9007
6871
2241
4445
5108
4621
7755
4150
8567
2587
5987
4871
5753
5855
8770
6448
4850
6960
8834
8927
5785
191
221
5220
3785
9447
5792
1440
116
3679
9644
3123
9745
8065
4929
2323
7154
914
373
74
8347
6024
2091
1100
9195
7700
763
2787
7724
985
8084
8434
667
2772
587
5576
2668
425
3343
3784
9906
3296
873
2756
8566
9081
7648
759
2604
1376
5994
5488
4536
6951
4901
4305
7617
1299
9279
8447
7693
8833
5528
6302
8280
9728
5954
4128
2934
8866
1521
8683
4904
3592
9685
5178
5181
6067
1683
5672
6609
2886
1517
7571
3476
9326
7093
9255
3167
8106
2512
12
8860
2842
9345
4461
14
4554
3850
7388
435
5476
6598
3584
2092
8236
701
8643
6527
9998
4964
923
4692
576
8652
1920
376
704
5295
2153
1962
1677
3977
2313
2247
376
7882
4933
6230
4354
1536
98
2394
70
131
9841
3830
3665
6604
9776
1774
7696
4732
3243
5571
9170
9396
2796
9946
3886
8379
6201
2531
9636
3609
9296
2052
6100
3565
6018
331
2430
2741
6725
9294
4472
8504
9517
7555
2303
487
5687
9838
5360
2704
9668
6476
6820
4013
5868
9538
1070
8251
9652
6765
8137
1375
7391
4410
6751
9319
969
5334
3371
6883
5452
9261
7919
4966
4692
7974
8273
711
8593
9389
4588
2739
7468
976
1446
1514
3458
4772
502
3139
6367
3365
8823
3368
1382
8654
8421
7480
9181
2939
636
808
4675
4947
4953
4175
9272
1767
5606
8257
2939
1362
905
1006
6579
9301
9572
2632
2284
7678
5625
3391
8872
3786
8293
419
2778
1072
6324
1214
9866
5110
6649
3010
1995
2916
5830
9239
3294
4779
8961
6580
5014
3964
4786
8648
4538
1162
7666
5303
3706
7326
6732
9758
3916
688
66
9194
678
1168
7077
8434
8240
8137
5380
361
5714
5530
9416
1252
9733
1719
6830
3959
5069
187
5184
6949
3908
1075
5974
2646
6465
2965
5112
4192
525
8881
9038
5803
5143
425
3475
8212
4201
9216
7438
7342
8829
5332
8588
1344
3805
8361
7255
8358
1943
7817
5552
5000
2218
6182
4864
3436
1934
9654
9705
3131
561
8773
8451
1899
3066
3559
1763
9698
3512
5517
7656
7772
5522
1931
8135
5212
4782
6235
6044
4770
173
1941
2374
9864
4386
6574
3656
5089
1858
6398
6249
3294
1778
2317
9354
3282
6536
2282
1415
3535
1482
5758
5180
9031
162
1387
5158
169
290
9828
7476
5081
9622
9962
6183
9243
7657
8115
1969
9136
8599
6784
8932
9973
3379
1459
2562
1007
3716
1562
7408
5776
9150
4277
6056
8797
8792
8096
1970
4681
3120
6280
7520
414
7589
9102
5091
6645
9034
7759
3549
9204
7881
2114
4543
7818
4069
9084
3126
4982
2201
8382
4997
4298
1963
7603
8320
4265
3125
9177
1498
408
534
7584
9548
5988
3438
6420
815
9046
5205
1379
2617
1493
4033
7042
9122
4136
2619
2464
7289
74
4898
3000
6989
7722
961
3531
9583
3883
7042
1351
5180
6749
6072
5279
2542
8471
5708
1313
7200
7063
4979
4084
2698
7755
7732
7705
7107
4675
914
9206
1955
4714
8387
2707
3524
6823
6455
2692
7122
1579
5580
332
3369
7875
3858
7650
1815
5830
1739
532
1246
7611
4218
3045
7965
774
6251
2362
2990
1918
9518
5697
6646
1997
3795
8091
4343
8451
4212
2626
464
3485
6432
2706
8234
2280
5407
9424
2218
9690
9787
5691
6631
9077
3264
2815
7074
2340
6200
4526
5464
5876
5724
8054
7970
3289
164
1794
3570
1946
4137
4353
6477
7173
3935
321
9154
4814
8930
3969
3853
182
3645
3273
9740
8983
6878
3150
9503
3734
8770
8600
4074
7376
4113
5570
6580
4327
317
9768
6980
8052
1451
1448
6959
3375
5572
7170
627
1228
1143
7990
292
3302
9761
7144
8187
4151
6662
9335
4388
8702
7479
8012
8367
3853
9613
6660
6640
3826
9231
5045
1783
335
373
1611
8722
218
957
8773
2664
5213
1573
8724
9281
760
6859
3560
1844
3368
6001
5004
1865
8934
8415
5847
9544
7639
3052
7310
7786
4581
4907
3984
8893
9098
308
740
6181
9953
3338
4066
3691
7944
9365
3644
5961
2335
8057
8679
6362
2558
7486
7462
6902
2043
2980
7986
4608
6761
9216
2026
9588
7068
1735
5042
7707
7798
4521
9504
6444
8176
3583
9782
5951
116
2585
2649
8574
730
5483
8570
9200
2441
2852
5509
5643
2045
3136
8738
3017
8221
7407
7275
8516
5554
6364
28
3376
1962
1320
2413
6899
5565
6681
7340
3404
6492
34
2763
6682
8922
7402
1720
8148
8702
5404
9761
4241
2337
9146
8975
5831
3798
4497
7441
7401
6693
6075
7861
6585
601
7744
9393
5300
2103
732
2226
2125
2937
5547
5337
1875
19
7828
4048
2355
4659
4955
5471
199
1171
9821
6769
7368
8332
488
3263
7397
634
9645
836
5828
128
5735
9857
2358
3811
8442
5878
3209
5963
4804
5741
987
9614
8644
6413
5852
6425
5251
7853
6208
9640
5261
522
9346
517
6565
2790
2445
4625
721
3379
2181
774
827
9277
6826
1972
1119
73
8164
4770
4635
5562
1809
634
4226
4624
3578
576
3908
9905
6480
2151
2103
4607
7542
6192
5655
4824
6237
9113
3685
3308
6576
5502
3325
8256
3088
4861
5164
3812
6821
5784
4828
7303
1297
698
8555
1947
9905
4318
4840
2730
5593
9406
1264
7497
937
4133
5483
4869
1676
6350
2025
5592
9583
1427
1987
4102
1248
1975
1068
2700
7724
9702
2435
1581
6293
1968
4844
4120
9667
8152
3194
8358
9824
3879
8180
2403
3369
4343
4129
3577
2842
1497
9205
8614
3678
3728
204
4897
9718
762
4905
838
1042
1032
8577
6821
6731
3503
7651
6858
1679
1039
2777
5069
989
7796
5560
409
7682
8842
8083
7696
9452
6226
2032
2925
8024
2066
4685
6075
301
5846
2324
5201
3956
130
7754
1455
1353
6114
7499
5867
4767
8069
5993
5215
2779
3613
8621
6104
2375
4960
2804
3517
3827
4825
6528
2510
5741
9498
6635
9487
5786
757
5047
2527
8573
7747
9647
8620
5921
9715
7998
9349
6293
622
6271
5541
9602
6993
2836
5721
757
1128
5776
2822
349
2798
6295
8544
3688
3896
5440
4979
31
2164
9862
8700
2315
2065
3432
3355
3930
3179
5462
3016
3178
9041
2998
11
7914
2289
4181
7767
2592
5167
2064
1330
7430
7973
3388
5651
4732
1862
4846
4462
555
6594
115
636
827
8243
4577
2297
9823
6690
1030
7598
5431
7790
8949
5126
64
514
1872
6162
8255
5081
2369
9647
1969
4105
1683
669
2528
5144
1641
8483
3619
9671
9706
667
3374
453
4157
5880
4700
6597
5282
8851
2171
3127
221
7749
629
9831
3616
5870
5376
2347
3590
6709
6321
6975
2746
3903
8790
9549
6838
5299
1823
7838
9583
3423
741
6424
656
3030
4532
2767
5360
70
153
3266
8665
5425
5248
8522
3350
1038
7996
7705
1873
5731
7755
2999
4200
2889
3073
6363
9357
2451
4185
2586
6736
5224
5636
4482
4275
8365
878
8439
4588
7099
4796
1045
6813
9205
1969
469
1490
5625
8214
9453
8176
2658
419
328
598
8653
5040
6268
2205
833
8736
7184
5690
5957
5588
3091
3738
1890
4093
2578
4590
5835
3705
9090
5316
8970
5077
3136
7672
6544
339
4233
6318
7106
9802
2453
6791
4471
9245
5752
1156
1265
7604
5910
2503
3465
8348
2896
5602
1196
9040
4727
9909
2246
2700
7483
2870
1249
1438
8044
5995
9291
7540
324
3540
5814
9700
4310
3794
7126
2403
6031
5937
3565
4602
5773
1253
431
9790
1260
6058
6156
3310
2362
5127
4873
4337
3926
8653
9542
9336
3750
2768
6080
995
3437
3562
8588
1673
878
7159
672
3169
4462
3908
8124
5318
747
3041
3763
4311
9308
5240
6123
7927
746
4483
9847
8937
6410
7251
7148
9809
1326
6754
6484
1546
4997
2138
6752
7013
8290
7843
2692
4411
8459
6241
9976
9702
8497
7477
6477
7731
1470
4036
9626
565
5280
3992
8393
8110
8379
6094
2479
489
2339
1912
561
3842
2943
5111
4091
1206
7430
5576
3057
7987
1912
6607
5369
7150
9610
6680
2085
2695
7514
3387
6569
1261
6358
6068
6842
779
6394
5385
6887
1939
9326
2643
4494
2996
5015
8974
301
891
40
4732
5185
2018
4097
2350
840
4100
9321
1768
1476
6570
7098
6099
2929
627
6722
6636
9140
1709
303
535
4988
6489
8776
1532
8727
3733
4545
3923
6938
3330
7325
2695
9805
668
1100
8177
4786
4113
1740
1857
2304
1849
6802
1148
7949
561
1313
4759
1861
2530
5906
7090
7478
9578
6606
9596
8594
2037
8747
9415
5859
8364
1051
734
1211
6414
9725
2333
1536
463
6585
5549
871
9050
9673
487
3839
7464
9625
4750
1713
5261
120
8166
6461
3589
6141
9024
7461
9309
9511
2225
175
2880
7153
7364
6025
4825
3917
5288
7925
1225
8410
4931
6511
2115
7266
8351
7973
7949
560
797
5547
8338
8642
4378
3270
4186
8593
8423
2354
9011
6692
7001
7698
7771
1839
4222
4459
1835
3673
913
2361
6864
8328
2067
8478
6315
4184
3067
7585
7056
9781
4079
2872
5140
6124
6277
8786
9156
6036
563
2098
5818
3902
9324
6884
7402
190
4435
4069
3522
6460
166
6407
321
8246
7993
5328
8642
5120
1357
6968
8966
9564
2384
859
5010
8829
9275
6266
9742
6891
2619
7952
7269
6800
1261
5285
1571
7265
3484
6020
8378
1130
7273
8842
9603
7589
4210
6803
720
4397
5147
7168
210
1153
2233
1855
6785
9802
1079
6659
4484
3896
8917
6739
7917
3883
9423
492
9973
1707
2581
3842
2090
4340
8408
2242
2867
2533
6680
8220
4196
8009
874
8185
5385
9614
3492
3390
4820
6537
1626
6433
5557
4594
6177
6488
5982
9779
5522
3587
9160
1842
4532
4693
4812
9461
2876
2048
6014
7729
2317
7350
8645
8163
1288
3667
5367
1185
6500
688
7511
1141
5509
7895
7606
4303
1259
4561
2496
1033
9428
5086
2009
4287
2107
3116
940
8000
6793
8138
2770
533
7986
3808
1970
321
9767
8112
8022
3137
1680
1678
8325
2999
6915
2015
9088
1600
1404
8296
2957
4406
4724
3390
9680
5050
8913
7301
1391
3514
9270
8903
7279
7737
1991
935
3304
2736
7116
6560
1420
6117
1661
4499
9320
3942
7048
3745
6106
6297
6980
8133
1480
7660
6764
5728
6080
3136
2760
7842
8374
8025
1094
7814
9190
4793
8076
183
8406
8500
876
6791
9549
9012
5900
7518
7176
5913
4071
9844
8749
9920
6726
3257
7445
2848
3229
1608
4830
6648
1529
9002
2667
938
5907
2500
1242
7546
1913
8000
7563
80
7133
4026
525
6295
7798
1829
1715
1132
5529
9203
9931
8689
5499
9726
4649
2111
7186
8761
8722
1394
1545
2465
3395
455
3891
6313
9356
6460
100
5214
5995
6361
4821
8122
7307
7882
4319
6274
6931
4762
3286
5658
6725
8993
4510
1110
2955
5964
2640
1594
1684
1986
8442
3602
301
7492
7950
2410
5219
3345
1653
8922
6749
2186
2532
3268
910
1484
8111
4945
4512
78
953
3323
4206
5374
4079
1625
2445
4088
2594
2128
3246
5449
536
231
8526
2095
2386
315
1376
591
2001
6867
6101
399
7821
184
6117
7464
2122
7196
9867
6127
3823
4404
1784
998
8869
1767
68
8624
9605
3456
5497
7319
4689
3870
5879
2358
4088
4998
8813
2890
9481
4329
1460
6382
9010
818
9693
6183
6725
153
652
7899
1300
9529
2045
642
5638
6446
8790
9959
8841
5682
2556
250
4686
3504
2616
5833
6210
8447
7050
1470
4331
3509
1765
5101
9501
5542
1096
7863
9331
3725
7794
8992
1831
561
2088
6166
3477
5622
9247
5021
3637
4370
2524
5117
2096
1844
3717
3454
4352
3735
6724
818
184
5412
385
644
4577
2852
5692
4933
6510
8110
9016
6777
341
5929
7362
4494
6560
7442
3894
8069
3551
1495
1958
4618
9646
4080
3658
5947
5242
1599
4682
7915
8062
4231
521
8263
710
1563
465
6887
8613
3810
4864
65
8158
8444
8006
8093
9382
3868
3654
3982
4923
8886
2827
9379
7088
9150
3685
2749
7919
9508
1564
3958
2873
4234
3108
8914
7371
5505
2234
7635
6887
4137
7233
9271
5451
5626
7685
7951
4510
8820
7070
4053
3928
4177
1975
6558
9570
3494
1595
3421
7415
3235
1894
8595
2400
9150
7211
6298
1330
725
8363
5356
3096
223
390
9085
6159
2522
4929
9053
2820
8805
1956
4279
2136
9249
3089
947
8504
7313
4007
1568
934
934
6667
6647
8800
4048
2928
6406
3470
5179
9975
4856
1642
8532
4498
3630
5422
7032
6970
8365
6246
6053
9546
6151
4567
1184
1156
8576
4933
3334
1139
1253
6535
9705
8437
7341
2596
9729
6792
9552
8089
933
7663
2416
4180
866
1649
4136
9515
7727
6080
5309
3023
4154
1143
9946
248
5707
9429
2816
5406
8066
4083
5914
4315
4673
8904
6037
9170
9605
9666
4923
4707
8859
9705
3148
6741
6879
4380
9103
8277
4178
8410
4739
5430
6191
7274
517
5271
3133
8890
2985
341
5559
4580
9776
89
557
9003
8457
7759
9087
7151
7613
2374
5830
2778
850
9349
9085
6704
6963
42
9770
5326
2426
35
5373
9337
5587
8346
6821
212
5447
4897
3667
7297
1774
1570
5741
1493
7412
2949
7468
2480
8168
6476
4422
5166
357
8141
366
7635
1253
9076
7030
7250
3031
440
8173
3751
6534
8860
4112
8222
7221
2343
2805
4600
1961
7056
8851
6041
2034
8668
2310
1921
4626
8042
5108
2479
2395
9985
3985
7212
8277
5503
5448
9994
585
2525
9963
8607
1691
7437
9784
8864
2081
9927
7209
3831
433
6607
7821
6814
9500
4682
6326
2677
7056
5551
954
5861
936
9601
6094
5022
7272
7739
1799
3600
1470
2188
3145
2821
2127
8987
1994
8660
9158
7246
8698
7083
8736
5727
1471
2565
9263
5587
6766
3288
4604
9237
4822
2706
3048
9179
742
1233
3075
7422
2964
3678
9895
5595
7787
7781
9944
8268
729
6678
4048
7112
2932
3476
3788
1548
3575
9220
9782
2304
7303
6526
5028
7896
9060
9869
1255
497
7389
112
1288
6847
1254
5245
5872
1923
4762
1497
9070
7944
8750
8990
2414
8924
8172
3930
4294
1510
9437
4968
7746
6073
2416
4805
6744
8195
7705
9380
8384
9544
912
6052
5947
8895
2233
9058
5702
8601
1377
5255
8543
9135
5042
5637
6086
4539
6539
8445
9660
4541
4960
7848
9809
4948
4275
8070
3362
6477
1176
6656
4921
3633
4117
2101
9684
9464
5036
459
4946
9054
9512
2766
8307
4482
759
90
1669
6636
7775
5872
1410
4745
8219
5837
6810
2792
2127
4206
733
3066
3474
1214
8865
1027
2747
982
6394
2404
5197
707
3907
2954
6252
1812
7503
3696
7674
1216
1645
9587
5504
6189
7104
7574
3535
9436
511
767
4179
1937
6485
9076
1880
9886
8081
3054
2994
8623
6403
6945
9968
818
5610
8954
7022
8405
5259
1619
9125
7738
7976
2830
5987
5280
6750
8517
8047
6762
2818
1332
1984
6221
2066
5716
9150
2529
5153
8724
1507
181
4133
7630
6140
7905
6275
9942
1223
3430
3978
8782
3458
5202
8208
6732
9387
2204
1725
4282
780
1132
7513
4735
7325
6156
7287
6100
8212
239
4741
1856
7902
8565
8268
6747
368
4012
8303
778
369
1796
5135
4455
9984
5432
4073
964
3526
8977
6186
6471
4224
1152
4482
8011
1603
5379
7358
9549
9365
6063
3427
689
9772
5465
4419
9261
1994
7455
5749
8540
8715
4092
7565
2212
7415
8502
2595
5366
146
2845
989
7768
8402
3306
6444
6470
7714
4967
2435
8400
9975
8216
2077
6
197
4875
290
246
8365
6657
2301
5271
6399
732
8251
7981
4821
7193
9694
3315
3668
1057
104
617
7443
7042
8177
7696
4443
8833
9654
7313
6676
5786
688
5749
7753
9118
3347
4813
2658
6490
1760
3220
5072
8608
5622
605
5071
3959
6285
7602
2451
8143
9534
8408
8653
2364
8251
8038
3343
1633
7680
5076
59
6957
5746
2144
9024
7375
980
546
4205
7108
1021
2586
6034
236
5337
4896
781
387
6886
8790
2554
5688
8724
9151
4092
9913
3251
1609
8121
9163
3742
8915
1879
9712
77
1314
3607
6707
3173
2432
1309
5289
5544
1765
870
5415
8580
7191
2766
9161
720
6094
3993
4610
4485
1667
4639
3561
4511
1772
6523
1256
3177
1296
4745
5053
5200
5403
1629
5580
7666
292
6571
8271
7341
91
4586
5369
2850
3414
981
8529
5317
741
9504
9932
7405
4263
6571
5497
7339
5144
4720
7191
1468
9234
4321
2709
6185
1193
3749
9893
7624
8715
4710
90
5449
3082
1237
9402
5252
9625
7971
9257
2621
1845
5800
8058
766
5913
633
3814
2747
8081
4189
3585
8790
6102
4021
9355
8999
7222
3673
1501
1801
9486
2888
416
8911
184
2070
4045
8289
5083
4821
4101
7589
4774
7332
6553
1962
9948
3607
2596
1677
5679
1104
4797
7046
5933
2210
9317
367
3404
3163
9243
7208
6519
3529
5898
2254
5015
6154
4711
8150
7799
9598
9765
9301
2021
2548
6410
6412
226
2389
4511
1733
3263
8214
5830
9410
230
1896
7791
121
3150
9543
2465
4277
3292
9643
3991
3464
8107
3516
9842
5506
2593
8301
1365
4555
6569
2653
6832
3977
9823
559
5890
6409
385
9232
7727
2370
7271
2931
6553
6054
7986
5715
7045
4528
2774
2648
9303
4473
2155
777
7559
8795
1653
8310
9391
3978
7763
2872
2508
7879
2211
7454
4325
6815
7317
5719
5476
266
3916
6708
2174
1276
4670
2663
3922
737
9858
2692
2429
4128
9756
9284
4815
19
7589
4329
9170
626
9682
6202
3380
6112
4938
9738
8751
5907
4043
6468
8408
2331
9914
3356
6731
4065
4814
4467
118
9597
6294
1474
1290
3677
3657
5746
9044
3029
8991
6838
2833
1086
2001
9681
6931
5362
5813
5479
2032
5216
1757
9389
3097
2234
4711
1441
1020
220
7003
5810
2263
6889
8121
7572
4970
4742
9495
5371
2311
4323
8485
3037
3771
9085
3366
3142
2948
7421
1585
715
6055
4077
6854
5894
8760
122
6753
158
270
7919
1411
1988
2624
5146
5593
4257
52
9800
1046
7497
7961
6329
3290
292
3602
1587
7262
472
806
8103
9127
8533
9313
1356
7426
7781
5161
7156
5296
4035
2355
5065
6923
1423
7627
3818
5621
9820
9462
5162
7965
3729
9775
3204
8276
2089
1636
7401
381
3376
9240
8662
9115
635
6996
9677
2253
6622
3007
2558
4710
123
8507
9149
756
668
8884
1940
6694
394
3800
6452
6035
8573
3614
9119
1516
6472
6830
8284
3490
7636
8619
9706
2212
1415
3576
2156
2302
5643
6851
3148
1289
7699
6529
9594
572
1919
6718
3298
6317
5277
5183
6582
9905
2573
1571
9052
2348
6999
2261
2542
4803
1865
5726
7612
7749
4530
7898
1624
4718
4111
492
5385
2554
461
6509
2614
9103
3027
6188
4091
942
4752
3580
6235
8337
7942
8625
2081
1930
6181
2082
1136
5850
8776
1029
3446
4904
1968
764
2359
9318
4219
4874
9912
9063
1225
9032
8569
1268
4
5615
3103
8396
409
5651
6840
1953
6699
1788
7173
6296
1439
986
6284
9843
8934
8458
4375
6389
5629
5025
4311
7587
472
8488
8592
8714
9122
5891
1812
3790
2033
7606
4365
2819
7971
6082
6053
3474
1303
1754
1472
1911
3540
6171
2567
2548
7020
7680
7587
4627
1388
8167
9836
4170
1568
272
4052
3554
9297
3302
3049
7321
8982
2584
2323
2088
2612
1430
5733
468
7790
7054
1098
3731
7554
1800
528
5653
589
8876
6701
434
5675
7398
2917
868
4786
5011
1724
9087
5105
7618
4190
1053
1409
4806
9501
7755
6782
6454
2424
592
1404
702
4431
5757
6297
5967
2780
2639
1330
14
689
4203
4540
7238
901
3131
2870
1238
4383
6077
2808
3540
5701
9844
3074
894
6673
7475
529
2955
329
9337
4734
9350
7903
4094
6275
158
2607
7144
8826
6625
5290
9586
5232
9603
8720
9052
3415
1632
9194
4858
8773
4829
6460
3835
5949
859
5521
9939
4318
1114
6794
274
8350
4933
4293
2506
6140
1214
5069
3840
6815
4080
6925
9672
268
6400
5625
864
747
5924
7247
2137
9168
7521
6109
567
7726
1625
3808
2306
4360
3331
280
7793
3934
8823
3514
472
7629
5795
605
1794
1947
2365
9114
5672
4004
4607
4411
8927
314
6290
5599
306
2162
5640
9908
9603
1829
3057
3041
134
426
562
848
2351
9918
8479
5906
3745
9014
7341
1134
344
5046
3354
1391
8098
1709
3866
3147
8232
5566
5258
1820
9242
2620
9409
6089
9646
9923
6483
8636
9811
6178
1156
3133
8218
9619
6595
8024
7406
1051
5535
8664
7463
4870
586
721
448
1140
6568
9404
7386
7344
6104
1028
618
9300
5963
5710
8159
6921
5724
2586
3488
1981
2194
1825
3716
1871
2755
935
1422
5426
8270
6389
632
4368
1543
5417
5383
6607
444
6985
114
5759
5754
5432
4712
4551
2566
5005
3481
8499
613
8626
6510
237
3327
9645
3967
4161
7579
1004
8704
5702
6106
2299
206
9442
2420
1553
3414
5552
3649
5150
9246
4584
185
6376
9706
6512
2316
242
9451
1103
3028
9899
7347
3196
3114
7827
6135
8265
9375
3185
5661
766
9236
5279
5285
209
5405
1883
4081
7620
2353
350
3215
8132
2325
8874
3498
3805
2367
5074
2522
4456
5411
9125
27
3288
7857
9093
7172
8382
3289
6815
5257
776
6949
3712
2082
4754
8451
7256
9631
6228
829
450
5053
645
2452
8657
8011
2736
4635
393
1386
6573
1795
1260
9066
5937
2945
3135
4060
1767
2958
3903
2571
5610
9592
6588
4796
5397
7555
532
1208
2639
4037
1460
3880
8178
1096
1711
5991
6993
9013
6684
9088
1268
1333
8670
6903
4890
6684
4589
6557
1870
4656
9922
2848
5813
3035
7101
8973
7448
1530
2995
7526
2538
2718
6765
8902
2981
4439
6317
323
9838
9086
8879
7646
8164
4319
8791
3826
34
6643
3519
2441
3967
3946
7098
2062
6042
5630
8756
7383
470
9282
3276
6058
5097
975
8850
5905
388
2216
7596
5832
8811
340
3707
5173
5201
714
4299
409
7723
8485
8390
5253
3294
4835
205
9966
1015
7676
3973
8388
2035
9586
8762
6710
4554
6367
3532
6246
8201
8112
4546
3591
2920
880
9553
5494
3650
1175
5772
2440
3594
7310
1551
4542
5685
1415
4851
5654
3958
3384
5188
6805
3989
3360
9516
8012
4281
2493
6686
8350
8569
2669
9583
7729
2346
4636
8808
265
5620
576
6863
8356
7899
1489
7211
8608
707
2023
8273
5617
7555
5336
8460
7283
1205
8441
4693
5789
3358
4083
3475
1705
2382
8679
588
4735
634
7084
2721
3593
4066
4036
1956
9171
3315
9005
1919
9747
7292
5884
2626
4295
7387
1450
9570
166
2850
6860
1452
4353
5646
4580
77
3353
6149
9090
5438
5267
9394
3451
8757
9154
5303
5442
6341
911
5276
6288
7541
1997
1871
2268
775
7139
7891
4443
2629
9869
6140
4618
6377
175
1357
6237
7915
6886
1384
7403
9058
8458
5497
9433
448
9813
4014
8477
8875
9542
4793
9557
6738
1378
9015
2134
4584
6166
796
3795
1178
5738
2599
3963
9392
8076
1128
2697
385
3940
6494
574
2952
8722
770
4408
9747
9744
758
146
7150
8406
3773
8651
948
8641
4560
2284
5712
8014
6079
207
1793
5427
6825
8160
174
9901
2594
4084
2086
8189
1159
4415
7252
5060
4198
7144
1879
9048
1981
6797
5159
8148
2844
3377
862
4506
1252
2013
8898
4500
5406
2569
190
763
7741
8772
7070
5705
9456
4590
545
1840
3221
1492
5253
2870
6619
4019
2701
872
2528
2650
3460
9153
1676
2336
9401
7414
6876
2261
7754
5677
8083
7423
9826
6118
2363
5435
8518
7432
3059
2566
448
4624
8065
1527
458
8250
7918
9726
8546
1027
648
823
1846
6471
1806
4272
7198
3763
4889
7257
3058
5390
9504
921
3005
9275
2054
8128
6956
5099
6461
3105
368
5295
508
4300
6119
4806
6731
495
8587
110
5508
6855
4504
7255
1956
1902
574
659
7561
8678
3545
9334
2092
3293
4476
4799
1286
1954
5241
5476
1006
3134
1995
5620
9179
5044
7274
2958
2635
9796
9682
8123
7202
4730
7692
688
5860
8258
2018
1154
1604
2294
9194
5607
8756
5808
7546
9907
8901
4414
5566
3270
5396
8998
1860
6875
3408
2353
5292
1748
853
6561
3731
1589
9258
5408
9892
419
2580
5523
3164
1996
6311
7119
7023
7770
8828
234
2675
2833
1869
5182
876
4802
7262
6552
5571
8839
2608
8575
4913
3147
9443
5889
7531
3173
3651
7846
4488
9490
9336
6369
271
3870
4187
7062
9379
403
6519
808
8582
3703
1546
8379
8780
4193
7240
3747
4533
1288
8160
2718
3788
8858
9001
2264
5127
3802
8313
2524
4923
7771
6822
7796
2201
4141
4087
5079
4728
7163
1860
8690
5851
7900
2439
7350
7974
2044
5540
5717
5182
7989
7802
5847
4520
9628
4857
5269
2666
7282
7138
7471
2370
1889
7031
7471
897
2102
6848
9820
947
1336
4154
8934
3032
1934
3460
1939
7149
6619
1018
2368
714
3195
2505
8986
9209
7049
1773
7792
5752
7421
2497
6791
5897
7662
3577
2562
4362
6713
3426
4783
1115
8899
7918
9945
5246
1813
1691
8266
6416
7523
2751
8466
5310
638
5868
3519
6486
7870
1136
6746
9297
7643
246
1687
5131
5031
4518
1078
2136
6850
5531
9961
1803
4072
1336
5446
5285
3908
8639
1000
1212
1887
4108
6224
865
5022
5994
4086
1060
799
660
6278
9878
3110
7235
3986
5428
5488
7675
5709
3280
4047
8758
5994
3867
7379
7203
8938
7221
8329
9000
8133
8725
3050
9319
391
6220
6020
9882
3990
5756
5812
6583
3485
585
5343
1319
2168
5535
2013
8459
160
6846
7740
8227
822
5737
6201
6371
663
2505
4785
1915
8261
6805
1739
2555
5838
8887
4768
304
3093
6057
5962
8362
6623
8382
9336
3867
9887
7759
1499
190
7991
4863
3011
6714
8829
9209
7836
3701
7070
8574
961
4733
354
5380
9748
9492
7651
9280
2856
5198
8217
7145
1680
5869
5821
3954
3180
4771
6997
629
9690
6919
3956
7810
833
5287
2500
7736
5053
6506
2775
9951
3384
9267
6034
375
6127
1387
3709
7439
3826
9548
6045
3441
7586
9095
6298
4063
181
9957
3083
4068
8609
8753
7839
2599
814
6440
6568
7218
4148
5498
5024
1851
792
558
4350
126
5857
1652
9784
2266
7161
9768
8523
648
1793
338
4069
6403
3476
1396
3477
7055
6490
9676
791
3051
6439
9731
4663
9296
5504
8238
657
6284
3
8134
9053
4294
1033
4922
7119
3247
4787
589
756
291
7717
8909
4164
6951
3156
9610
7791
7789
213
7870
4171
2874
2818
9912
8468
7138
6645
5085
5571
657
4285
9765
8371
5286
4549
8631
2522
4683
59
4444
1413
6755
8381
8322
1337
9822
5885
8685
940
6362
229
8538
881
1145
6928
7566
9362
3735
7795
7635
6681
8882
4225
7730
7285
2168
6275
7084
950
2418
9259
3352
5623
6834
3221
5997
3280
9621
7014
3779
6665
9917
7997
9226
9207
283
356
2242
2577
2689
9930
9679
6385
4972
1098
7569
2307
7079
1741
8025
599
3068
5592
3302
382
1762
7394
5453
6339
6298
5208
1135
3564
320
5917
7648
9153
6533
4545
8092
3843
1506
5339
641
9526
9151
2735
9352
8748
4153
3321
1715
493
5750
5676
1138
2445
1763
3586
1009
3720
2503
9558
585
3611
4324
9753
2003
1282
2942
8538
2000
8544
7384
681
1530
2856
6457
1895
1430
502
927
3910
2500
568
6310
8538
3945
8733
3084
6316
4978
6209
3435
9207
565
3185
6234
3576
3804
8052
4834
9221
4222
3363
5508
2538
3389
6996
7841
7131
6699
2317
2264
3107
2886
4264
4050
7110
934
9231
7543
8745
7366
5380
9200
5461
5622
6595
3073
7188
3193
7656
7798
4069
1517
434
9838
5474
8237
902
3775
6160
1359
4568
6767
5898
109
3610
959
2219
7822
2386
4566
1979
8068
9312
9660
6415
6424
2106
2250
6053
6768
357
8156
6386
2787
3996
6401
2592
2520
8826
353
1733
6175
540
5692
3839
5211
6813
3439
9086
3725
3014
5728
6880
1567
796
1794
4070
2273
462
1726
3736
7906
7328
5947
3055
7205
9538
9081
8589
3057
9781
7896
6
236
6194
4369
8733
4607
8348
6538
6315
536
2691
1798
8371
4131
8054
9541
3952
6108
5914
2676
6828
9579
1991
408
4779
4854
5453
7913
5313
5488
9501
2055
1403
7213
2451
6113
8816
4161
1541
673
7393
4812
2664
2273
2241
3508
7950
6163
7228
2023
9743
4660
2377
9686
3851
7944
8824
9863
7187
9872
9822
5220
4906
7415
3992
4121
9960
8643
7437
5757
3661
861
4678
2159
9241
7426
4454
1126
1701
9093
5331
5270
6288
3287
7828
8866
4836
2616
4265
6037
3890
2162
4938
876
1063
3596
9351
2578
6380
3000
4237
6372
3507
8447
5897
4117
1700
2843
2953
6790
3091
7292
7076
4772
1470
380
3443
825
8137
9112
9730
4995
7565
8011
2304
241
652
3861
934
2564
6151
4956
8837
9647
1495
5335
3141
7544
2684
6465
1971
5877
9184
1099
8278
8132
3817
6644
7243
5158
9543
8232
3645
6806
4720
4958
7941
8709
5925
6214
4948
8683
2770
8938
7014
9960
2245
714
4354
6501
1104
8129
8833
9036
3539
4586
3874
9143
7990
6829
2432
2670
1279
4861
6973
3120
518
5650
306
232
3173
7010
3716
8921
3568
4440
9383
9001
9673
284
7333
6637
7536
1610
3264
4381
1918
414
2540
7798
807
7400
7334
3200
8346
8450
8466
2806
5428
1124
845
764
9687
7053
1545
5904
6983
4937
2584
4837
4574
7993
6219
2074
2128
9161
9199
2196
504
7181
3811
2800
9772
6700
7821
5941
7357
5995
2405
85
4373
6607
7055
4214
3217
200
3102
662
2339
9307
2956
3492
4713
254
492
4791
4994
8552
9083
2123
6610
9282
7699
6569
4096
7619
2248
2264
7875
7514
8841
5165
8383
9802
8036
886
3942
4471
4276
8887
2117
5741
2724
3016
7411
2685
6465
6509
9116
2617
685
2868
1894
9258
6814
2757
8226
2754
8881
1040
6252
4028
6346
7376
8743
1679
2548
8432
8929
5641
5552
9690
6735
8163
8680
56
4635
9328
1277
3077
5746
1287
6399
4390
8072
2650
982
6253
7867
2082
5830
6461
1965
8034
7252
805
3648
9770
9572
5297
9096
3356
7878
6865
1819
5143
3362
8930
584
4383
9389
1353
2306
6138
5053
2605
5130
5355
4365
5694
8511
3124
3484
8365
6458
6493
5397
2432
7347
3954
1360
6666
8675
9728
1033
2647
7982
1316
8738
3200
1778
6437
1577
8595
2787
7429
6216
6581
2037
3477
5079
8476
6460
3607
9436
5055
4475
6297
6369
2761
1798
4752
9000
2911
7175
440
4499
3971
3095
1297
2388
9742
9646
5188
6428
4339
650
3642
7003
8231
9959
5680
7313
8264
2351
6635
5921
8623
7899
2259
250
8958
815
4120
462
540
3845
8352
829
1231
7068
6094
6184
5319
5610
676
4331
4791
4229
3524
1385
4519
7968
8045
5949
4998
7184
8354
9743
2772
2093
7580
6861
486
6724
8734
1166
5644
4638
9604
1514
9544
9122
2030
7470
5656
8682
5015
3972
9702
4625
631
1991
2149
1262
1422
3682
7410
844
8114
4711
3140
4734
6839
3504
7237
9507
5785
7029
9841
1672
2217
5356
2506
7564
2152
2751
7007
5541
6614
1331
1765
6115
363
4417
4767
1871
1280
638
8025
3130
1141
6566
118
7154
1462
5209
170
8455
1270
28
8729
5193
7200
9334
8452
2064
155
3864
232
3129
6912
1173
8488
9043
9510
4034
2657
1874
66
6491
677
7276
3700
415
4177
8176
7707
7474
4442
6320
782
6254
2828
8040
2149
1975
9216
8430
6790
6669
7368
3734
9604
1044
6587
5229
8292
5293
4938
9109
2054
5087
518
5982
759
665
3687
452
7138
1514
5047
5963
2801
6469
1029
2606
7356
9221
1392
5882
8786
2226
700
2583
2370
7762
8866
5865
4896
3530
4261
5389
703
1559
6524
9935
6159
3448
5240
9300
9607
2003
4948
9505
4486
9162
6543
300
4407
2802
95
6830
261
476
4332
7922
1102
6417
3606
1914
2525
9278
4008
7213
8505
1948
6509
8835
5279
1562
6474
4047
8729
7317
5712
9979
9964
6107
5346
3514
7292
1101
5215
9147
6644
6425
8265
3613
6635
1859
6445
7014
8930
5066
7986
8979
9343
5322
4633
4921
198
1892
1393
1860
9865
2280
646
5478
1124
419
7127
80
6001
2524
184
945
1085
8826
4964
4214
3973
2695
4767
2876
8458
4733
2627
8696
3345
8395
1413
8998
7368
5351
8191
4086
597
3407
430
5807
906
7112
8736
239
2634
1372
3229
7852
3375
1359
8430
2574
4020
7783
4582
7186
6590
5230
1686
6199
4231
2645
6229
8959
7773
9307
9572
5094
3706
6648
1254
1631
9091
6150
130
6099
9999
6207
1138
2784
1362
6311
5777
9915
7807
5228
9918
4005
6982
929
3435
3862
9175
3936
2340
815
9602
2514
5574
3609
2654
7632
5450
6131
595
8013
2822
3600
2721
723
5516
8225
4863
761
1299
8421
3221
3871
4697
6667
1007
427
362
9808
1152
4634
4386
2214
3407
2546
8893
6548
9561
4415
4631
9146
6257
1745
825
6978
841
7113
1545
998
2085
5261
3047
6330
4232
7290
7126
3182
9793
5856
1370
3625
3797
8227
8406
8474
9776
5728
2702
5363
5681
2717
5320
3833
6134
5516
4103
5726
5924
1941
9244
9543
8538
5017
1897
5518
2624
286
6582
4137
8770
4689
6472
4576
8753
6445
4341
1101
9496
9565
972
4876
4385
3671
7089
5808
5286
9676
4518
4056
9655
4509
7230
3690
8451
3570
3123
1585
2223
7885
2992
3094
4706
4042
3986
2314
5527
8881
1048
8819
6219
7680
1302
4617
6634
4069
3193
4804
2073
2313
4273
2865
4953
7727
8978
6940
8691
8977
475
6451
5623
6827
8721
9492
5248
7487
240
96
3846
5106
3808
1096
1628
7238
231
2662
8963
9099
3704
8815
8942
7309
6865
4196
9565
1483
1577
1232
5174
2496
2741
3434
3418
9564
2956
4046
967
4356
1760
492
8506
9288
4336
4165
3104
8882
1069
1972
3957
7597
1147
754
5721
4896
527
8202
2174
8508
6995
4225
1787
9764
2830
4845
5929
750
8592
6649
9894
1547
9974
3601
6728
7317
3290
9554
3891
9166
4212
9228
3229
9785
8632
7594
5407
4714
4179
2605
1004
2751
5835
9071
1799
4483
9336
2072
7431
6237
1616
6772
4566
7830
8407
7763
8012
6418
5284
5107
5763
5482
9972
6173
2900
7520
492
2027
2459
1368
5875
4666
4918
245
3595
6691
1779
4594
613
8170
2883
4571
2991
6364
1563
657
2376
2772
6490
7273
6392
8515
4189
3494
3892
3446
1575
7034
5416
6610
3589
2481
3748
5641
7029
2477
9430
550
8011
968
1351
2949
7158
982
3039
5250
3550
5465
1193
5589
5777
8639
4163
3336
5998
7072
4572
6924
825
4180
2085
415
1053
9256
9458
7748
796
2254
7411
3930
5414
8580
1643
560
6770
3884
8333
9039
3820
7485
2855
8553
6329
4470
130
7522
9549
719
3992
6554
8163
2179
7305
8182
8439
9528
4142
3629
8633
2078
283
9711
8952
196
8559
9584
4099
3862
1072
9514
3334
6047
1248
99
5293
3531
4816
4448
7394
4508
331
7698
2523
1858
6643
1966
8964
3325
6857
8310
3010
5010
5727
2641
7555
2551
219
5620
4129
5173
974
7541
258
1388
5838
7964
8863
1522
5248
6430
1442
1507
3292
4965
2240
4398
7562
5291
6260
920
5530
3669
55
8042
5119
4115
530
5031
2364
6373
3664
9735
9655
8463
2013
3958
3875
4905
7130
5694
4966
759
630
7718
1924
8553
5525
6579
5053
9799
7666
3390
406
5396
5664
7966
4788
9449
6484
860
7431
9242
3068
3624
7518
8
9806
6227
5085
6909
1441
1970
6530
8220
1086
4501
4944
3082
3448
8522
9776
4399
20
5674
9992
2455
4096
9739
9778
7652
4733
771
6121
1406
487
6067
3134
2680
5679
6989
8868
3910
4246
4563
6533
4119
8796
3514
3556
8938
5413
3933
8687
6918
7951
2127
9506
9049
9082
7360
108
3710
9222
9200
1476
2414
8577
937
5131
2667
2044
8175
3998
2996
1457
8095
3109
1811
4767
4136
6781
6107
7139
2850
8179
8254
4667
4577
1827
9082
7428
7231
9530
3352
4941
2957
5447
9275
3738
745
6575
7237
3727
4151
818
4126
7298
2219
5943
8720
2698
3407
9270
514
1135
6883
9713
9022
5248
2886
937
3121
5115
4032
6791
331
6838
2415
7968
4038
7836
3137
1856
2642
2512
3535
5938
8342
1661
8734
8782
4871
9143
8452
1633
2860
9684
6961
7955
8708
2437
7998
7872
7861
5909
9088
9389
6198
1238
5187
8531
3891
2437
9887
6073
4515
4174
3491
9432
8481
9959
1206
4443
3911
6178
1419
3259
9960
316
3576
1408
7318
4931
7504
9167
8085
2456
1235
9837
2577
9760
2311
252
3738
5533
8391
6919
771
8028
6549
4535
2390
5476
7087
2323
6634
6565
6906
7638
8582
3790
9526
5552
9528
8171
3696
7808
1130
9893
197
4420
5941
5727
6930
6450
1294
767
5660
9067
7009
8965
9901
9840
8637
4225
2335
8411
7010
1422
1894
184
1787
4571
5160
8471
1334
7635
4120
6672
3848
1950
2447
4456
4887
3091
5473
9714
4672
9171
4816
1050
4413
1995
7213
3998
4722
2302
8534
7795
708
385
8181
8555
7759
3809
6121
8997
9206
4626
4638
4479
2069
9548
9579
56
9911
7840
1337
3479
2467
3384
4086
4651
148
9290
2931
2911
7796
5734
2507
9672
6120
4276
7311
5480
1152
4817
3593
7335
1733
4567
4981
4240
2564
1910
9181
6383
5684
1921
1070
6095
6348
4388
8294
6787
266
9720
9087
9433
7867
2837
8445
4860
7889
268
8006
4076
6923
1051
7040
8206
3777
7787
6808
4200
7510
161
8199
2411
5827
9651
3053
7404
6145
730
2858
3890
5101
897
4604
5565
3518
9071
2517
5806
2934
9552
6098
5673
6671
6586
9457
6478
3122
2816
4261
1290
1448
3430
8805
2187
187
6636
8677
7806
7436
260
283
8796
7176
3717
7108
7153
118
4386
9994
9096
8974
7505
6961
138
7473
9098
5107
5300
9625
2177
7022
7071
750
7456
6775
8589
4613
1187
6031
9837
1633
4348
9154
127
1594
9400
7226
1084
532
3086
4869
465
5554
6350
443
8692
3227
5338
9770
6740
6867
671
5870
6182
5583
5691
2346
9586
3229
8235
6079
2236
8576
4622
5632
4178
8950
9030
5403
4987
8342
6172
1972
2307
7573
327
8294
9237
8484
9115
3487
4914
6301
6175
738
7288
4366
2904
3597
6999
3211
5746
1344
6523
1614
2192
7446
9300
720
5596
1200
9425
3548
6205
1591
3683
1303
3361
4105
4177
4789
1772
5800
1629
3905
2928
1268
6527
739
1282
2308
7758
2061
3639
7088
6067
5197
9377
389
2786
7171
8537
5104
2598
794
4651
6594
2834
2922
9219
5732
740
9518
5164
3501
4510
9332
7326
9870
3458
3023
9036
2336
7666
7387
5202
4996
7660
4962
3938
7313
253
7753
776
2837
7535
69
1742
2045
2188
9533
4186
232
3799
7218
7139
874
7640
7558
6207
7277
9506
6183
1505
482
7654
9173
1007
9355
5587
323
5805
9620
7531
4006
8268
2156
1794
9928
8823
7322
5871
2694
2225
1293
1197
3441
9515
2438
4691
3034
7650
601
8911
6291
4757
9857
2545
4554
5324
5737
8202
9557
6303
1258
5046
4958
2036
2168
9658
3203
3212
739
9716
4441
2646
9167
1567
1086
8557
8193
4562
6340
4261
3892
2175
7489
1694
5758
2310
5098
5043
2181
6999
7393
9883
5214
4704
5024
2715
5131
6836
5213
5546
6666
3775
5814
270
3100
4654
9232
7959
1365
9512
3328
8962
1194
2010
1453
656
4031
5832
6575
1085
2873
8182
5097
8351
2513
9274
4407
7591
762
7655
4479
9643
5143
7324
7882
8095
6264
4139
4482
4319
8646
5795
6778
3289
2098
1783
9354
6523
1942
7162
1234
2316
4331
6740
3065
7592
3703
4278
2002
144
3043
4759
5939
4847
4004
6379
5270
2465
3191
2963
4795
5120
2943
6795
546
8176
9804
6466
6322
4319
1548
4280
2580
1973
4082
3016
5906
6806
2857
2372
790
2088
9529
1309
6656
889
3496
3700
2180
732
9701
1143
5829
9209
8618
8661
6216
7251
1675
6082
8409
5319
5563
356
2648
6566
1847
1786
34
230
4066
229
5744
7911
3156
5677
4035
5234
3393
1305
923
1425
5336
6100
9775
9771
9237
8439
2249
2625
2293
1651
2051
5645
5730
7506
1778
7308
3221
3821
3754
1370
429
7931
4227
1918
6543
8643
6535
2942
2624
5477
2940
6914
8290
5480
6697
9813
7808
4713
5634
3180
9018
3640
6032
7376
3687
