454
454
465
486
491
499
493
480
487
469
458
440
441
437
445
484
492
481
457
438
467
464
494
467
449
459
435
482
478
465
438
438
495
424
417
460
448
454
452
472
435
439
481
409
486
416
480
485
494
403
463
441
407
449
397
455
484
397
450
471
433
401
478
431
457
470
419
439
428
446
414
456
398
385
389
403
426
464
432
437
430
371
422
427
374
441
416
423
448
367
454
361
426
359
401
388
414
389
447
415
378
383
386
439
370
377
411
383
361
436
387
410
422
396
435
351
341
432
410
391
334
413
333
404
368
421
350
331
420
355
389
417
389
332
321
388
318
325
367
389
316
353
369
326
402
346
393
365
312
365
342
388
342
337
358
341
338
318
307
385
346
354
387
357
365
331
342
284
315
358
356
325
356
335
337
280
316
368
275
339
363
304
286
297
347
338
266
266
307
344
264
347
342
349
287
321
319
318
301
328
263
308
298
268
265
251
310
267
339
308
267
300
293
326
334
318
289
264
252
300
268
267
304
273
313
256
323
273
278
286
238
262
244
233
296
306
234
307
219
235
303
258
300
304
294
229
229
244
290
291
294
287
290
280
224
293
209
260
216
281
225
250
285
211
203
254
217
199
182
246
182
257
257
228
219
222
256
175
218
175
192
226
203
223
201
261
262
252
249
247
207
174
159
256
178
155
245
220
205
161
196
184
201
237
151
244
173
162
183
147
237
145
221
232
188
195
192
175
170
169
166
162
208
224
181
198
205
123
164
198
213
174
200
161
196
134
144
165
131
208
148
137
119
182
176
186
163
163
142
187
194
129
178
193
180
145
102
170
174
113
96
90
166
123
149
128
147
112
136
137
123
87
165
162
122
93
147
152
160
153
84
104
93
97
82
81
137
126
89
144
108
139
92
75
144
57
143
145
73
120
128
56
106
64
88
96
86
66
51
84
82
82
74
52
74
54
79
55
79
82
114
63
63
100
27
68
91
73
73
120
34
90
106
71
57
52
34
37
20
106
98
60
75
104
104
58
53
65
16
89
37
40
53
74
73
72
23
22
56
32
89
63
57
67
52
15
1
66
42
6
17
11
1
38
36
9
39
4
54
65
61
12
63
45
10
3
35
43
15
32
44
6
17
54
6
50
52
20
13
7
