10
18
38
23
47
36
51
38
50
44
23
49
45
38
53
25
39
17
24
50
53
33
49
65
29
28
34
75
35
49
70
56
33
69
71
79
49
75
64
87
82
42
45
67
49
63
83
48
73
52
7
41
95
6
32
71
94
56
75
24
107
82
29
57
87
76
27
109
19
36
104
30
54
34
94
78
107
28
44
124
99
69
54
106
39
40
56
104
104
100
124
52
57
98
63
93
132
73
71
69
95
137
147
130
99
116
81
111
101
93
144
158
94
96
113
146
161
137
70
148
166
118
101
112
149
97
138
117
96
106
114
162
145
118
173
101
137
141
164
188
108
153
162
182
181
160
130
127
177
104
182
180
186
144
139
180
147
142
188
165
180
137
113
208
149
170
172
151
215
182
191
173
217
126
207
168
147
160
164
144
138
227
143
231
156
176
197
192
200
199
226
150
238
227
224
231
190
154
242
152
230
230
229
194
223
200
229
205
256
224
162
236
179
202
186
168
199
245
249
215
191
230
178
206
237
255
191
189
221
245
237
247
195
277
265
224
191
238
274
263
217
245
273
212
284
203
277
211
239
199
200
231
215
207
254
256
228
266
269
213
236
309
234
266
223
308
227
288
246
309
259
268
277
237
270
319
289
260
306
268
302
322
314
259
277
259
331
305
256
240
266
283
287
297
335
285
334
337
335
282
283
342
278
310
336
318
310
321
292
277
289
299
338
270
286
291
323
335
273
362
287
286
309
325
308
374
283
295
294
354
376
336
307
304
324
377
289
319
314
310
304
366
309
301
368
334
321
362
385
397
370
382
361
363
340
332
378
361
312
404
374
402
403
386
398
408
349
406
390
416
374
341
416
404
368
424
358
334
349
336
359
341
402
333
372
429
430
411
399
416
415
363
433
378
359
380
396
442
435
371
350
388
379
392
396
425
375
407
416
429
362
424
410
435
428
393
373
407
427
454
408
427
442
414
432
463
425
403
417
421
399
385
445
401
475
446
405
429
453
441
414
458
476
428
490
486
405
468
401
480
420
440
404
437
422
467
468
471
496
437
490
470
419
431
464
514
444
503
444
515
471
455
438
503
516
500
497
438
524
433
437
517
436
448
506
493
508
500
533
524
481
530
523
527
490
520
473
513
510
513
524
546
508
531
457
479
528
538
543
483
474
506
480
512
554
514
541
521
546
484
499
558
525
507
488
574
496
573
506
569
569
536
559
534
530
540
525
549
520
500
562
505
537
537
555
558
550
594
540
520
577
531
531
547
560
594
534
592
519
526
584
522
545
527
588
549
604
606
601
560
617
545
533
551
600
531
537
542
564
568
583
591
552
572
621
555
578
574
630
539
559
562
553
585
569
644
615
557
628
591
599
611
553
597
627
616
593
586
611
564
597
657
647
581
583
655
645
612
634
661
623
655
594
666
653
582
586
585
585
582
595
611
656
640
681
638
591
668
656
671
645
685
623
674
689
661
609
671
654
617
663
610
632
693
651
607
609
702
688
645
673
689
668
670
637
639
711
623
642
685
632
709
699
694
637
692
658
720
699
706
680
664
638
636
655
674
713
648
647
684
665
700
709
697
697
727
651
691
669
721
696
726
676
705
750
706
719
744
724
690
666
711
673
693
737
676
712
667
744
669
735
724
688
719
715
716
749
679
703
739
688
681
717
719
697
685
751
781
733
744
733
698
719
707
760
770
748
763
707
791
742
733
752
710
713
798
784
805
766
776
765
769
714
719
796
782
726
765
804
772
737
734
795
733
732
810
732
782
790
730
817
747
816
760
777
774
814
819
767
762
751
759
773
829
750
840
748
764
804
847
768
792
834
755
783
852
838
775
853
771
760
835
803
773
790
838
806
783
838
832
796
830
775
822
854
866
811
874
842
812
793
836
787
810
833
847
874
797
854
881
796
881
816
822
852
823
830
851
894
842
884
868
829
837
811
898
866
891
817
844
847
863
824
885
844
874
850
865
899
847
824
920
901
836
865
892
837
873
893
837
922
926
909
872
918
858
894
874
879
867
899
855
914
863
854
864
940
853
917
933
930
891
893
932
865
942
897
907
909
949
910
870
886
941
959
964
904
896
901
928
968
923
940
911
969
907
961
952
897
911
932
912
884
926
901
950
948
914
930
923
905
982
986
965
918
907
925
921
938
997
965
990
936
997
934
956
948
908
957
957
989
999
925
997
955
981
1005
974
1009
924
981
939
992
989
925
1010
1022
963
1024
987
1025
985
1006
934
965
994
976
939
941
989
1029
960
995
977
950
1041
975
965
1025
975
967
985
974
976
1029
978
986
1022
1045
1000
1001
1008
991
1024
986
983
983
981
971
1004
1068
998
1002
986
978
1061
1004
1000
991
1043
1017
1017
987
1046
1056
1081
1052
1076
1059
1028
1068
1025
1066
993
1082
1002
1001
1054
1067
1097
1072
1007
1086
1055
1030
1092
1087
1088
1070
1105
1076
1030
1065
1110
1089
1020
1050
1054
1090
1085
1067
1074
1118
1034
1044
1096
1082
1043
1082
1117
1065
1093
1042
1057
1109
1116
1113
1091
1091
1119
1084
1060
1060
1117
1107
1080
1083
1139
1130
1104
1105
1061
1094
1152
1115
1129
1155
1128
1155
1144
1132
1083
1140
1098
1139
1081
1160
1163
1133
1097
1128
1155
1131
1164
1085
1122
1077
1176
1131
1127
1118
1122
1151
1120
1139
1159
1137
1146
1126
1186
1118
1134
1187
1117
1147
1108
1131
1112
1148
1127
1123
1186
1187
1180
1160
1159
1192
1158
1180
1190
1130
1203
1211
1191
1169
1168
1190
1179
1210
1212
1215
1122
1135
1162
1194
1176
1130
1198
1129
1212
1169
1227
1153
1198
1210
1138
1228
1196
1222
1237
1184
1207
1224
1207
1227
1208
1191
1153
1228
1187
1224
1234
1171
1217
1234
1208
1223
1169
1241
1161
1254
1205
1232
1236
1248
1254
1222
1222
1169
1242
1253
1190
1247
1185
1239
1253
1183
1242
1188
1247
1257
1183
1278
1200
1210
1198
1257
1217
1204
1250
1194
1275
1219
1246
1208
1278
1227
1296
1286
1199
1285
1293
1255
1217
1256
1249
1242
1306
1291
1308
1226
1252
1252
1246
1244
1215
1225
1269
1223
1262
1277
1224
1232
1292
1241
1313
1307
1239
1266
1261
1280
1253
1267
1326
1273
1260
1304
1321
1328
1281
1285
1274
1261
1328
1339
1316
1257
1259
1315
1273
1327
1328
1285
1290
1328
1348
1281
1321
1280
1314
1292
1269
1304
1356
1335
1267
1332
1301
1284
1366
1329
1272
1368
1288
1344
1345
1297
1303
1336
1369
1340
1372
1361
1326
1377
1299
1306
1306
1305
1362
1343
1373
1294
1349
1303
1363
1310
1395
1372
1389
1309
1370
1348
1402
1389
1328
1369
1370
1387
1313
1321
1350
1402
1361
1352
1328
1343
1348
1393
1321
1369
1373
1330
1353
1366
1377
1330
1333
1400
1355
1405
1383
1361
1340
1425
1402
1338
1387
1429
1366
1402
1409
1342
1403
1349
1400
1439
1426
1373
1384
1383
1424
1430
1425
1366
1375
1369
1447
1415
1374
1428
1411
1393
1429
1461
1428
1414
1410
1377
1369
1407
1422
1444
1391
1410
1384
1410
1475
1462
1419
1441
1450
1445
1441
1388
1440
1471
1387
1424
1466
1479
1416
1465
1416
1461
1459
1462
1479
1401
1401
1482
1422
1489
1411
1429
1500
1434
1493
1445
1482
1488
1426
1413
1442
1438
1432
1442
1429
1483
1430
1423
1469
1453
1500
1507
1511
1426
1513
1477
1513
1431
1433
1523
1489
1505
1466
1514
1455
1460
1472
1529
1534
1447
1521
1483
1498
1464
1452
1480
1463
1511
1532
1475
1470
1541
1505
1460
1544
1551
1486
1517
1516
1478
1530
1558
1487
1488
1490
1547
1502
1541
1546
1558
1501
1509
1490
1526
1513
1535
1542
1491
1556
1511
1526
1564
1521
1493
1492
1565
1516
1536
1506
1571
1573
1523
1581
1565
1511
1565
1580
1549
1502
1526
1577
1576
1562
1575
1526
1588
1572
1578
1544
1598
1589
1585
1589
1543
1615
1611
1570
1536
1560
1615
1530
1593
1613
1565
1565
1581
1562
1569
1585
1609
1632
1579
1548
1635
1598
1600
1631
1591
1617
1552
1639
1626
1545
1607
1610
1550
1599
1580
1597
1631
1628
1595
1565
1632
1587
1559
1604
1587
1596
1580
1584
1620
1622
1618
1572
1572
1593
1632
1656
1669
1632
1598
1610
1585
1676
1677
1586
1645
1622
1618
1597
1644
1623
1610
1622
1671
1666
1676
1642
1600
1610
1685
1694
1626
1605
1680
1622
1617
1675
1685
1664
1625
1658
1610
1635
1679
1697
1693
1635
1674
1699
1657
1708
1622
1638
1705
1686
1702
1667
1686
1643
1699
1638
1669
1696
1702
1703
1719
1690
1722
1673
1637
1710
1714
1726
1737
1697
1650
1697
1655
1741
1663
1709
1649
1650
1712
1732
1742
1713
1723
1705
1670
1719
1676
1684
1728
1693
1752
1732
1716
1673
1717
1700
1742
1759
1754
1726
1702
1725
1734
1681
1687
1720
1733
1713
1690
1721
1723
1725
1732
1758
1755
1764
1753
1782
1710
1774
1704
1786
1745
1732
1724
1777
1793
1766
1782
1718
1759
1788
1748
1759
1751
1738
1794
1711
1733
1795
1780
1717
1725
1724
1791
1722
1793
1800
1768
1722
1763
1731
1755
1783
1757
1727
1731
1751
1801
1808
1730
1798
1795
1801
1818
1737
1815
1830
1830
1796
1815
1837
1797
1781
1763
1765
1827
1821
1773
1766
1839
1805
1810
1784
1835
1827
1757
1801
1758
1845
1790
1853
1852
1799
1769
1845
1844
1811
1770
1808
1806
1841
1813
1805
1805
1868
1802
1785
1841
1792
1872
1862
1791
1804
1882
1791
1816
1848
1805
1808
1869
1795
1859
1802
1819
1822
1832
1856
1877
1886
1856
1850
1812
1865
1870
1873
1880
1843
1895
1825
1862
1812
1826
1908
1884
1845
1847
1895
1820
1848
1880
1905
1913
1827
1838
1839
1857
1908
1917
1915
1830
1883
1890
1834
1869
1928
1867
1867
1863
1903
1874
1846
1905
1845
1877
1848
1879
1892
1902
1902
1885
1903
1935
1903
1897
1893
1893
1863
1915
1891
1896
1959
1954
1929
1884
1921
1904
1951
1895
1931
1946
1920
1872
1878
1951
1922
1948
1971
1915
1940
1904
1884
1954
1892
1971
1952
1970
1928
1956
1952
1959
1893
1962
1917
1933
1972
1976
1975
1953
1961
1940
1923
1965
1912
1962
1991
1956
1932
1933
1963
1927
1946
1915
2006
1985
1952
1940
1948
1942
1932
1984
1946
1993
1929
1941
1977
2007
2016
1995
2000
1984
1953
2004
1934
1941
1939
2028
1994
1982
1950
2020
1984
1974
1982
1979
1981
1995
1960
1975
1962
2029
1979
2037
2052
2001
2046
2024
1969
2023
1993
2050
2012
2051
1986
2039
2028
2024
2022
2056
2057
2055
1986
2042
2064
2007
2008
2019
2047
2018
2036
2040
1996
2012
2051
2082
1986
2020
2084
2024
2080
2005
2044
2034
2024
2065
1997
2015
2018
2078
2090
2054
2053
2045
2056
2043
2031
2048
2076
2062
2072
2096
2074
2108
2069
2037
2092
2027
2027
2033
2060
2065
2092
2051
2037
2072
2064
2103
2049
2108
2052
2082
2052
2092
2038
2078
2079
2073
2060
2102
2057
2091
2079
2091
2094
2064
2116
2125
2095
2074
2103
2088
2080
2083
2143
2057
2108
2071
2114
2124
2092
2119
2139
2161
2087
2075
2141
2160
2109
2116
2149
2094
2090
2115
2103
2127
2124
2132
2127
2118
2109
2101
2102
2143
2176
2167
2115
2168
2120
2117
2181
2128
2158
2110
2186
2138
2168
2131
2190
2144
2171
2129
2120
2128
2162
2170
2165
2148
2205
2127
2198
2141
2169
2168
2203
2137
2165
2213
2148
2142
2158
2180
2179
2127
2179
2168
2173
2215
2210
2133
2158
2204
2147
2219
2139
2171
2206
2145
2181
2210
2221
2235
2213
2198
2158
2144
2239
2182
2240
2209
2176
2158
2237
2153
2153
2250
2229
2199
2243
2177
2235
2238
2232
2245
2164
2233
2172
2166
2233
2230
2184
2193
2252
2210
2254
2185
2188
2268
2180
2186
2272
2246
2191
2232
2249
2216
2215
2264
2190
2242
2222
2217
2270
2259
2217
2238
2226
2286
2259
2266
2278
2290
2281
2240
2255
2208
2228
2235
2306
2226
2241
2295
2256
2247
2227
2267
2218
2219
2311
2229
2245
2306
2262
2297
2268
2256
2250
2272
2257
2302
2311
2291
2280
2263
2330
2322
2269
2335
2325
2280
2332
2256
2320
2263
2265
2330
2280
2325
2297
2296
2313
2270
2295
2338
2313
2321
2353
2355
2353
2340
2276
2288
2336
2320
2281
2289
2345
2322
2343
2324
2301
2347
2312
2282
2355
2348
2340
2289
2336
2327
2376
2303
2332
2284
2302
2311
2312
2340
2289
2290
2300
2344
2297
2327
2294
2295
2357
2353
2319
2351
2394
2343
2381
2372
2402
2365
2308
2330
2397
2404
2342
2372
2328
2376
2360
2357
2358
2341
2405
2385
2377
2372
2418
2328
2351
2405
2365
2360
2366
2366
2386
2389
2384
2416
2393
2341
2379
2389
2376
2355
2368
2375
2389
2387
2365
2422
2437
2425
2371
2424
2392
2415
2375
2381
2409
2435
2434
2450
2453
2421
2424
2458
2390
2442
2426
2378
2424
2459
2368
2461
2425
2410
2460
2380
2425
2402
2434
2426
2441
2441
2391
2403
2392
2403
2445
2386
2393
2390
2483
2410
2410
2427
2412
2405
2394
2438
2414
2453
2400
2438
2407
2445
2449
2409
2438
2457
2495
2442
2429
2495
2502
2481
2444
2460
2440
2432
2418
2485
2483
2506
2472
2443
2489
2487
2495
2483
2507
2432
2475
2457
2494
2518
2525
2519
2454
2520
2440
2517
2501
2455
2528
2513
2444
2469
2505
2526
2504
2530
2497
2478
2482
2514
2537
2543
2514
2500
2481
2531
2537
2554
2554
2523
2555
2504
2550
2550
2471
2505
2512
2474
2490
2558
2560
2530
2553
2526
2489
2524
2529
2523
2572
2553
2505
2527
2524
2485
2582
2518
2492
2564
2566
2562
2514
2554
2568
2536
2544
2504
2584
2595
2570
2504
2569
2507
2592
2575
2563
2550
2566
2534
2608
2512
2566
2512
2524
2613
2562
2593
2593
2528
2570
2584
2561
2540
2569
2604
2531
2578
2562
2575
2597
2576
2581
2630
2538
2601
2545
2592
2576
2611
2606
2581
2575
2579
2609
2606
2643
2610
2564
2641
2592
2568
2600
2642
2595
2604
2637
2576
2566
2635
2631
2644
2612
2617
2581
2632
2657
2599
2634
2602
2600
2581
2644
2652
2620
2614
2627
2611
2590
2654
2646
2672
2649
2657
2664
2601
2601
2645
2619
2650
2647
2597
2659
2653
2643
2612
2608
2676
2633
2669
2626
2688
2616
2685
2675
2637
2638
2671
2670
2615
2647
2637
2681
2642
2658
2656
2617
2644
2656
2689
2707
2639
2656
2702
2671
2715
2647
2646
2660
2678
2629
2664
2639
2712
2668
2675
2670
2690
2696
2646
2652
2739
2688
2688
2667
2695
2664
2657
2689
2692
2676
2690
2711
2663
2667
2730
2664
2744
2685
2695
2687
2684
2705
2715
2746
2744
2680
2732
2716
2722
2727
2680
2723
2680
2758
2684
2731
2758
2709
2688
2710
2757
2752
2738
2713
2752
2750
2717
2690
2712
2709
2743
2696
2780
2782
2757
2724
2731
2795
2791
2787
2714
2747
2792
2765
2776
2767
2776
2748
2759
2710
2752
2764
2717
2797
2800
2751
2775
2806
2800
2764
2724
2767
2726
2794
2727
2824
2776
2809
2780
2743
2793
2734
2760
2801
2828
2811
2805
2810
2753
2792
2780
2760
2787
2766
2812
2829
2785
2820
2789
2816
2780
2801
2832
2840
2802
2841
2816
2856
2782
2791
2770
2829
2860
2803
2828
2832
2842
2792
2796
2817
2818
2808
2821
2849
2848
2859
2870
2869
2828
2802
2822
2832
2816
2865
2857
2802
2848
2841
2856
2799
2805
2827
2792
2850
2796
2878
2853
2873
2801
2806
2879
2827
2899
2813
2899
2818
2821
2847
2856
2875
2909
2823
2870
2874
2840
2861
2851
2901
2877
2855
2881
2832
2921
2878
2904
2836
2913
2846
2850
2868
2913
2915
2847
2879
2880
2918
2873
2934
2858
2841
2848
2892
2886
2931
2928
2870
2899
2938
2874
2873
2882
2930
2881
2882
2895
2876
2927
2916
2884
2893
2956
2914
2881
2864
2954
2937
2958
2874
2882
2887
2934
2941
2934
2931
2962
2902
2939
2904
2923
2925
2901
2975
2909
2966
2966
2936
2960
2913
2949
2908
2913
2916
2893
2931
2984
2927
2929
2938
2926
2952
2924
2918
2936
2934
2938
2969
2971
2969
2977
3004
2913
2983
2952
2942
2949
3001
2945
2977
3008
2953
2965
2935
2942
2972
2958
2955
2975
2977
3022
2964
2976
2933
2949
2968
2969
3019
2967
2984
2995
2975
2943
2946
2960
2995
2949
2974
2958
3020
3037
3046
3020
2970
3040
2964
2976
3037
3040
2957
3019
2983
2970
3037
3039
3039
2978
3052
2997
3066
2989
3003
2997
3057
2996
2982
2988
3071
2993
3046
3001
2993
3004
3033
3005
3020
2992
3076
3030
3008
3057
2989
3039
3027
2992
3040
3035
3080
3054
3062
2999
3083
3028
3080
3088
3046
3006
3103
3016
3078
3075
3040
3024
3035
3012
3088
3082
3018
3110
3053
3108
3112
3024
3049
3099
3054
3106
3070
3058
3122
3108
3090
3055
3126
3092
3104
3116
3103
3129
3115
3053
3104
3101
3106
3048
3092
3109
3058
3072
3065
3083
3095
3104
3052
3140
3078
3108
3138
3072
3103
3083
3093
3061
3077
3156
3121
3121
3122
3077
3166
3113
3147
3115
3136
3151
3147
3085
3153
3139
3148
3120
3176
3168
3159
3125
3175
3106
3176
3147
3181
3159
3094
3098
3102
3139
3192
3142
3117
3161
3194
3155
3137
3120
3185
3164
3168
3158
3127
3187
3184
3175
3112
3148
3152
3176
3128
3148
3160
3161
3151
3125
3130
3142
3200
3162
3190
3125
3128
3157
3163
3161
3172
3184
3180
3184
3222
3174
3138
3216
3207
3214
3192
3176
3165
3223
3166
3179
3200
3187
3243
3152
3181
3158
3225
3215
3226
3184
3200
3224
3228
3241
3209
3205
3204
3237
3258
3185
3245
3227
3181
3207
3201
3229
3210
3269
3218
3256
3175
3253
3203
3202
3251
3219
3213
3270
3270
3238
3195
3234
3281
3265
3239
3233
3231
3251
3258
3241
3282
3253
3241
3225
3217
3260
3268
3216
3205
3264
3244
3227
3266
3236
3236
3221
3274
3213
3279
3227
3224
3302
3248
3273
3304
3220
3280
3313
3287
3312
3281
3312
3294
3295
3325
3233
3252
3327
3313
3328
3318
3282
3262
3328
3311
3317
3337
3291
3256
3335
3342
3285
3328
3324
3265
3312
3320
3348
3349
3258
3292
3256
3274
3322
3270
3348
3298
3346
3320
3294
3325
3353
3325
3314
3352
3342
3363
3346
3370
3354
3313
3301
3364
3375
3344
3366
3311
3291
3326
3370
3343
3327
3315
3326
3293
3386
3351
3354
3331
3381
3332
3309
3339
3310
3319
3308
3394
3334
3370
3372
3343
3350
3375
3332
3397
3404
3329
3375
3409
3389
3364
3363
3414
3375
3412
3390
3384
3372
3397
3366
3366
3390
3364
3336
3415
3370
3425
3375
3426
3381
3408
3403
3349
3339
3352
3368
3409
3383
3432
3354
3437
3353
3350
3381
3435
3385
3376
3419
3429
3446
3366
3373
3451
3407
3364
3439
3454
3398
3434
3423
3435
3412
3454
3397
3430
3456
3428
3411
3419
3382
3407
3452
3449
3460
3418
3401
3410
3428
3412
3385
3427
3431
3423
3454
3398
3411
3484
3485
3427
3426
3467
3419
3471
3487
3466
3468
3471
3483
3477
3486
3472
3411
3469
3487
3423
3494
3493
3496
3491
3450
3438
3480
3501
3494
3463
3453
3459
3516
3441
3475
3435
3444
3455
3466
3479
3493
3506
3527
3510
3452
3508
3532
3532
3520
3456
3483
3533
3457
3493
3531
3536
3484
3515
3474
3518
3463
3472
3484
3537
3493
3494
3499
3498
3522
3556
3518
3467
3463
3471
3544
3486
3473
3527
3521
3498
3533
3526
3542
3544
3498
3551
3482
3575
3479
3496
3483
3550
3566
3502
3559
3515
3505
3557
3520
3560
3555
3589
3511
3493
3530
3564
3532
3498
3579
3535
3590
3551
3598
3583
3537
3537
3573
3561
3583
3517
3567
3604
3570
3550
3589
3581
3535
3613
3578
3531
3575
3524
3528
3595
3621
3573
3596
3579
3561
3599
3609
3541
3615
3621
3565
3614
3628
3555
3625
3556
3598
3575
3544
3632
3571
3551
3569
3637
3601
3570
3592
3560
3608
3614
3619
3621
3649
3625
3629
3615
3593
3614
3603
3608
3593
3582
3597
3665
3606
3572
3592
3602
3619
3609
3584
3673
3641
3600
3608
3657
3669
3650
3596
3616
3626
3657
3611
3636
3630
3626
3689
3619
3647
3674
3629
3617
3662
3669
3690
3636
3664
3695
3640
3626
3682
3612
3668
3667
3632
3609
3706
3665
3612
3670
3649
3705
3676
3692
3640
3660
3665
3704
3674
3646
3681
3690
3639
3660
3640
3725
3633
3699
3683
3682
3718
3662
3718
3699
3651
3681
3689
3732
3730
3727
3708
3664
3690
3702
3658
3710
3664
3732
3683
3748
3690
3751
3709
3737
3737
3660
3688
3666
3686
3745
3758
3691
3740
3723
3722
3742
3745
3711
3677
3769
3700
3681
3723
3757
3724
3708
3745
3703
3758
3693
3720
3745
3755
3701
3735
3772
3786
3710
3702
3778
3782
3754
3736
3751
3698
3704
3749
3711
3726
3706
3729
3796
3803
3793
3713
3774
3745
3730
3750
3761
3733
3795
3730
3745
3815
3814
3814
3777
3732
3741
3727
3735
3758
3792
3786
3759
3784
3801
3738
3756
3774
3821
3821
3816
3830
3832
3747
3772
3772
3797
3797
3771
3781
3842
3820
3848
3798
3828
3840
3821
3852
3815
3796
3841
3809
3828
3792
3804
3857
3862
3853
3805
3832
3794
3768
3838
3841
3782
3865
3797
3818
3781
3833
3857
3846
3845
3808
3815
3782
3882
3860
3853
3835
3843
3798
3802
3863
3882
3869
3809
3818
3862
3860
3888
3887
3849
3855
3880
3852
3866
3850
3862
3883
3868
3854
3838
3815
3813
3904
3908
3893
3839
3906
3817
3880
3825
3866
3918
3893
3897
3909
3910
3922
3896
3918
3887
3887
3919
3880
3897
3850
3905
3838
3858
3866
3929
3865
3913
3842
3862
3924
3849
3933
3917
3862
3894
3920
3920
3890
3899
3938
3928
3949
3948
3907
3909
3905
3912
3872
3900
3931
3935
3930
3892
3935
3879
3910
3936
3956
3969
3888
3952
3918
3911
3921
3958
3945
3964
3978
3936
3960
3917
3962
3971
3960
3890
3951
3939
3959
3904
3934
3928
3987
3910
3960
3904
3980
3987
3969
3993
3911
3919
3997
3945
3931
3931
3969
3919
3924
4003
3938
3947
3930
3966
3930
4001
3970
3980
3958
3997
3955
3953
4006
3981
3937
4007
3967
4026
4016
3985
3997
3991
3937
3956
3982
3995
3990
3943
3981
3979
3950
3992
3949
4040
4008
3960
4015
4047
4006
4011
3961
3958
3996
4055
3967
4002
4035
4016
4052
4010
3994
4028
4065
3995
4020
4043
4054
4058
4006
4046
4072
3984
4022
4062
4049
4075
4070
4054
4023
3985
4058
4016
4056
3990
4038
4083
4082
4057
4072
4075
4027
4049
4000
4053
4006
4047
4007
4017
4058
4025
4014
4089
4021
4011
4071
4058
4016
4083
4101
4082
4052
4060
4078
4097
4057
4100
4031
4088
4060
4104
4075
4059
4082
4091
4109
4037
4076
4105
4107
4131
4050
4088
4127
4082
4038
4055
4077
4130
4047
4082
4060
4131
4066
4130
4094
4068
4082
4109
4099
4126
4137
4101
4132
4074
4069
4059
4061
4075
4149
4096
4128
4104
4085
4122
4124
4138
4166
4142
4098
4151
4152
4116
4169
4132
4102
4138
4154
4129
4158
4150
4127
4106
4093
4132
4139
4091
4116
4111
4164
4188
4133
4102
4125
4113
4144
4197
4154
4131
4201
4173
4138
4154
4189
4128
4129
4182
4200
4205
4194
4161
4151
4191
4188
4165
4180
4153
4178
4198
4169
4220
4221
4157
4211
4166
4190
4201
4170
4217
4174
4186
4142
4182
4232
4199
4207
4147
4158
4182
4153
4154
4234
4149
4228
4183
4186
4169
4185
4176
4216
4175
4252
4178
4183
4176
4208
4224
4248
4207
4246
4175
4204
4192
4263
4233
4258
4264
4226
4208
4259
4213
4190
4252
4191
4230
4234
4237
4230
4239
4217
4265
4226
4203
4256
4224
4228
4233
4281
4266
4194
4232
4284
4246
4215
4239
4210
4224
4271
4263
4237
4293
4208
4224
4278
4282
4225
4262
4303
4216
4228
4299
4216
4268
4237
4287
4253
4301
4257
4319
4239
4318
4246
4317
4245
4292
4232
4279
4323
4236
4271
4282
4327
4302
4268
4255
4250
4337
4306
4325
4287
4267
4308
4252
4286
4262
4312
4312
4333
4335
4332
4257
4280
4348
4326
4260
4289
4302
4274
4315
4288
4290
4282
4348
4331
4339
4333
4278
4362
4343
4311
4340
4316
4362
4366
4281
4360
4335
4344
4320
4370
4340
4317
4361
4362
4299
4365
4343
4337
4352
4308
4317
4305
4342
4371
4321
4309
4334
4387
4367
4371
4304
4334
4316
4380
4375
4337
4372
4380
4388
4381
4315
4408
4347
4366
4414
4389
4352
4336
4395
4371
4389
4333
4351
4386
4391
4381
4404
4342
4385
4398
4392
4335
4368
4337
4423
4432
4382
4389
4367
4411
4356
4376
4389
4376
4360
4416
4378
4434
4400
4406
4378
4452
4446
4392
4450
4383
4424
4392
4391
4365
4421
4434
4437
4449
4430
4414
4392
4425
4380
4447
4436
4376
4466
4460
4476
4423
4436
4422
4421
4476
4464
4418
4393
4464
4475
4403
4399
4428
4476
4412
4428
4411
4400
4398
4445
4493
4444
4485
4428
4468
4440
4436
4479
4412
4409
4443
4431
4488
4488
4504
4477
4468
4423
4499
4515
4484
4508
4519
4445
4513
4520
4484
4503
4492
4525
4498
4488
4515
4476
4514
4468
4506
4478
4456
4451
4463
4445
4537
4532
4481
4515
4529
4526
4527
4470
4487
4458
4478
4544
4508
4537
4483
4484
4526
4467
4497
4481
4534
4555
4533
4468
4553
4545
4529
4554
4475
4512
4482
4528
4506
4510
4501
4559
4510
4502
4552
4497
4488
4549
4517
4561
4570
4489
4560
4487
4491
4568
4520
4509
4514
4579
4564
4540
4507
4588
4504
4598
4552
4502
4571
4558
4539
4599
4573
4582
4534
4519
4568
4604
4556
4550
4528
4550
4559
4567
4592
4603
4555
4522
4608
4596
4593
4575
4578
4604
4531
4544
4530
4553
4583
4539
4543
4558
4552
4619
4612
4574
4617
4635
4587
4627
4600
4580
4557
4578
4554
4600
4624
4553
4629
4602
4639
4591
4639
4610
4578
4613
4646
4624
4624
4654
4571
4648
4601
4573
4610
4574
4609
4579
4576
4628
4603
4604
4614
4585
4665
4671
4633
4620
4598
4616
4595
4652
4623
4647
4625
4600
4603
4630
4682
4677
4626
4623
4623
4609
4653
4601
4677
4685
4649
4653
4640
4703
4607
4650
4631
4616
4653
4630
4688
4623
4672
4671
4668
4631
4627
4692
4637
4624
4659
4627
4646
4684
4630
4697
4672
4632
4646
4643
4690
4639
4644
4642
4668
4726
4731
4669
4707
4739
4700
4661
4652
4659
4672
4659
4681
4676
4726
4717
4722
4672
4669
4699
4717
4683
4742
4669
4721
4758
4728
4678
4759
4669
4700
4687
4707
4676
4712
4686
4722
4675
4735
4741
4768
4739
4762
4773
4703
4693
4779
4696
4749
4710
4755
4714
4762
4713
4765
4769
4717
4781
4730
4766
4792
4761
4706
4754
4771
4732
4784
4705
4714
4751
4733
4802
4761
4781
4743
4772
4767
4775
4730
4726
4798
4778
4743
4782
4777
4788
4800
4760
4745
4803
4776
4776
4741
4774
4742
4789
4736
4773
4794
4792
4834
4791
4832
4742
4755
4764
4775
4820
4838
4839
4834
4797
4776
4805
4790
4753
4763
4794
4784
4759
4850
4807
4824
4833
4781
4801
4825
4799
4776
4816
4846
4782
4826
4824
4782
4861
4804
4822
4825
4852
4801
4797
4808
4781
4860
4857
4836
4833
4808
4811
4845
4789
4884
4854
4820
4802
4805
4842
4866
4854
4809
4865
4866
4815
4831
4817
4808
4822
4849
4853
4839
4861
4864
4841
4906
4855
4857
4901
4888
4831
4915
4856
4882
4850
4875
4914
4886
4882
4852
4911
4862
4917
4880
4901
4891
4888
4921
4834
4911
4838
4904
4859
4843
4910
4907
4861
4920
4935
4897
4903
4921
4931
4939
4864
4876
4920
4926
4911
4929
4939
4953
4862
4908
4902
4957
4879
4890
4945
4953
4923
4885
4881
4966
4906
4962
4878
4933
4887
4907
4950
4946
4943
4907
4887
4957
4974
4919
4976
4932
4900
4979
4953
4908
4942
4935
4951
4966
4967
4902
4980
4948
4924
4960
4923
4944
4913
4967
4917
4962
4955
4940
4932
4948
4965
4970
4941
4962
4959
4973
4945
4932
4968
4945
4997
4983
4971
4975
4941
4934
4998
5004
4971
4999
5005
4975
4988
5022
4966
4954
4945
4939
4995
4981
5033
4988
5038
4962
4972
4980
4970
4951
4975
4977
4958
5006
5038
5036
5043
5047
5009
4977
5053
5004
5037
4999
5017
4968
5048
5039
5053
5035
5062
4973
5047
4985
5068
4985
5055
5073
5063
5011
5009
5025
5037
5023
5019
5013
5064
5068
5058
5075
5013
4995
5067
5053
5026
5001
5086
5003
5026
5003
5027
5063
5083
5096
5006
5027
5080
5102
5052
5055
5098
5102
5023
5058
5043
5059
5082
5034
5036
5091
5068
5019
5109
5100
5061
5092
5116
5093
5113
5107
5039
5118
5097
5081
5106
5055
5081
5046
5038
5092
5047
5077
5085
5136
5129
5059
5102
5048
5059
5106
5064
5135
5065
5144
5053
5074
5096
5114
5152
5106
5117
5143
5153
5149
5136
5095
5103
5116
5093
5130
5146
5156
5116
5105
5096
5151
5163
5170
5085
5100
5169
5125
5109
5167
5175
5109
5136
5140
5157
5157
5102
5146
5092
5105
5172
5101
5119
5168
5132
5110
5184
5110
5193
5140
5181
5105
5141
5184
5145
5167
5131
5169
5188
5155
5208
5143
5194
5176
5135
5167
5160
5124
5141
5150
5186
5137
5150
5131
5191
5147
5173
5186
5163
5189
5217
5145
5232
5172
5163
5139
5183
5198
5167
5172
5222
5163
5228
5180
5233
5151
5195
5198
5179
5217
5161
5161
5220
5178
5223
5178
5249
5210
5198
5205
5168
5193
5194
5168
5168
5187
5258
5178
5191
5234
5256
5237
5211
5178
5243
5258
5206
5247
5232
5202
5207
5211
5199
5240
5214
5230
5275
5227
5254
5235
5258
5247
5259
5245
5261
5269
5270
5290
5220
5243
5236
5258
5273
5273
5252
5280
5233
5244
5224
5274
5264
5251
5235
5242
5297
5293
5252
5256
5221
5287
5275
5304
5295
5251
5233
5267
5258
5259
5291
5290
5312
5294
5314
5267
5301
5269
5247
5307
5313
5337
5328
5248
5265
5323
5258
5322
5289
5329
5263
5296
5319
5304
5344
5320
5284
5274
5265
5307
5289
5314
5276
5290
5361
5281
5341
5306
5357
5310
5282
5289
5283
5349
5342
5335
5347
5330
5308
5284
5302
5338
5332
5313
5305
5291
5350
5358
5294
5380
5371
5387
5320
5319
5308
5343
5380
5336
5380
5323
5337
5329
5326
5314
5305
5400
5352
5309
5359
5368
5309
5346
5393
5397
5335
5364
5356
5390
5346
5338
5382
5350
5405
5383
5397
5327
5374
5332
5411
5391
5384
5357
5393
5372
5354
5408
5408
5342
5405
5345
5426
5397
5360
5405
5407
5403
5399
5392
5374
5355
5393
5418
5403
5422
5367
5421
5382
5455
5359
5370
5396
5421
5373
5438
5431
5402
5397
5445
5407
5411
5441
5430
5393
5443
5439
5450
5459
5426
5382
5449
5397
5460
5415
5425
5449
5448
5452
5407
5428
5395
5467
5433
5475
5411
5424
5422
5432
5412
5423
5488
5465
5400
5448
5500
5415
5425
5435
5406
5441
5490
5489
5437
5438
5431
5492
5496
5417
5485
5506
5476
5465
5454
5463
5512
5501
5450
5501
5451
5505
5477
5429
5442
5459
5458
5433
5507
5455
5505
5506
5500
5457
5481
5501
5480
5443
5507
5472
5452
5495
5506
5526
5468
5521
5522
5542
5493
5492
5552
5495
5530
5554
5522
5471
5544
5490
5514
5534
5505
5515
5471
5560
5552
5479
5472
5538
5518
5478
5525
5507
5498
5576
5534
5571
5528
5563
5559
5525
5559
5497
5492
5499
5539
5584
5521
5512
5573
5505
5527
5541
5563
5594
5535
5558
5592
5532
5586
5543
5526
5540
5525
5517
5544
5599
5608
5603
5535
5566
5612
5575
5523
5592
5582
5606
5560
5619
5614
5600
5583
5550
5561
5553
5606
5564
5563
5550
5603
5599
5570
5588
5560
5593
5586
5575
5553
5613
5566
5552
5548
5600
5551
5641
5577
5600
5557
5629
5638
5653
5559
5565
5563
5648
5583
5657
5574
5575
5623
5630
5583
5656
5604
5613
5626
5628
5584
5624
5615
5663
5660
5609
5588
5654
5639
5630
5676
5641
5600
5649
5664
5623
5596
5644
5626
5598
5689
5626
5615
5690
5669
5613
5642
5630
5631
5683
5673
5654
5676
5610
5643
5610
5690
5642
5633
5675
5620
5696
5637
5695
5679
5687
5677
5708
5651
5634
5718
5704
5649
5656
5695
5632
5638
5648
5713
5681
5713
5674
5715
5700
5709
5648
5695
5663
5669
5734
5648
5734
5733
5664
5672
5703
5718
5700
5702
5750
5751
5666
5747
5724
5687
5710
5739
5669
5682
5747
5701
5711
5709
5681
5676
5759
5754
5708
5725
5750
5706
5748
5732
5723
5753
5769
5741
5685
5689
5703
5702
5708
5774
5701
5755
5751
5779
5701
5693
5718
5714
5738
5739
5695
5785
5752
5756
5748
5761
5727
5753
5703
5721
5725
5799
5766
5754
5731
5729
5787
5733
5720
5764
5725
5716
5762
5791
5810
5773
5796
5812
5773
5793
5750
5791
5741
5741
5750
5730
5788
5749
5750
5765
5772
5781
5789
5774
5765
5803
5840
5752
5750
5799
5749
5806
5831
5793
5779
5831
5788
5842
5842
5773
5761
5820
5820
5759
5771
5767
5835
5764
5822
5810
5788
5834
5767
5860
5796
5823
5868
5870
5784
5788
5804
5813
5864
5804
5865
5857
5868
5806
5783
5861
5820
5816
5823
5872
5820
5831
5832
5825
5876
5862
5849
5844
5807
5866
5821
5828
5898
5898
5859
5873
5887
5824
5893
5873
5834
5857
5825
5846
5825
5869
5882
5898
5822
5904
5917
5848
5918
5843
5823
5853
5881
5835
5882
5917
5844
5878
5876
5864
5930
5921
5878
5837
5880
5843
5916
5867
5876
5862
5939
5852
5858
5874
5865
5848
5857
5915
5948
5948
5856
5873
5861
5898
5862
5897
5938
5947
5939
5891
5903
5887
5931
5878
5958
5890
5893
5924
5900
5914
5916
5926
5964
5919
5933
5890
5926
5974
5978
5950
5922
5980
5960
5958
5958
5968
5917
5979
5948
5911
5902
5955
5936
5924
5980
5949
5900
5975
5978
5971
5994
5932
5999
5995
5912
5964
5951
5934
5931
5989
5933
5979
5930
5982
5966
5933
5929
6016
5936
5981
5991
5977
6000
5996
5939
5996
5965
5956
5959
5989
5949
5967
5989
6033
5999
6014
5995
6023
5946
6035
5990
5946
5947
5998
6046
5976
5983
6000
6028
6043
6043
6039
5957
5965
5966
5990
5994
6025
5972
6040
5963
6048
6050
6055
5967
6041
5975
6007
6004
6023
6012
6014
6060
6073
6022
6018
6063
6047
6067
6018
6006
6030
6049
6016
6032
6033
6043
6057
6016
6077
6002
6064
6056
6082
6055
6039
6065
6033
6038
6084
6100
6075
6053
6098
6073
6014
6067
6082
6044
6045
6034
6019
6088
6093
6038
6027
6113
6080
6039
6090
6091
6119
6110
6034
6067
6043
6078
6117
6076
6109
6049
6074
6043
6102
6056
6056
6086
6107
6050
6101
6105
6110
6087
6052
6089
6064
6080
6081
6135
6083
6120
6097
6141
6110
6074
6157
6098
6147
6125
6129
6069
6086
6143
6083
6140
6075
6095
6154
6159
6081
6080
6118
6115
6128
6174
6148
6142
6097
6161
6150
6142
6156
6123
6176
6114
6108
6180
6108
6143
6142
6158
6143
6131
6110
6171
6174
6116
6196
6151
6147
6155
6185
6202
6194
6130
6205
6171
6110
6156
6197
6143
6165
6168
6132
6189
6214
6196
6211
6145
6139
6135
6196
6190
6154
6140
6209
6180
6176
6214
6183
6167
6183
6167
6232
6236
6226
6146
6173
6184
6232
6201
6176
6152
6235
6246
6173
6229
6208
6152
6217
6250
6200
6204
6210
6205
6214
6258
6251
6202
6214
6222
6200
6220
6245
6174
6176
6220
6181
6181
6214
6183
6239
6214
6235
6183
6193
6251
6205
6212
6212
6188
6211
6213
6192
6277
6261
6200
6289
6257
6246
6278
6269
6212
6198
6222
6204
6209
6211
6297
6262
6274
6215
6261
6255
6235
6269
6239
6262
6253
6273
6275
6313
6243
6277
6274
6242
6294
6265
6255
6232
6257
6255
6311
6259
6326
6287
6246
6309
6268
6296
6310
6296
6324
6243
6310
6292
6259
6295
6285
6255
6310
6327
6262
6325
6303
6335
6316
6304
6346
6267
6328
6293
6301
6341
6328
6343
6265
6335
6275
6297
6335
6301
6338
6345
6334
6352
6330
6369
6326
6311
6339
6289
6373
6331
6289
6315
6336
6302
6299
6285
6348
6358
6370
6346
6351
6334
6386
6358
6315
6386
6376
6327
6331
6386
6342
6348
6301
6304
6361
6352
6323
6377
6375
6333
6327
6397
6327
6349
6361
6379
6331
6396
6326
6412
6373
6342
6405
6322
6388
6375
6399
6408
6402
6338
6394
6398
6350
6382
6413
6426
6340
6421
6422
6416
6362
6379
6350
6340
6416
6363
6435
6364
6360
6427
6440
6354
6437
6387
6444
6372
6433
6377
6445
6361
6418
6439
6380
6394
6456
6453
6383
6387
6377
6462
6431
6449
6421
6431
6396
6467
6407
6466
6468
6388
6383
6450
6420
6446
6464
6450
6404
6473
6386
6472
6390
6400
6448
6419
6485
6393
6448
6403
6403
6399
6470
6482
6486
6449
6412
6432
6413
6482
6418
6456
6459
6475
6492
6442
6438
6507
6476
6489
6470
6502
6477
6422
6500
6487
6452
6475
6505
6450
6463
6458
6523
6445
6528
6454
6452
6520
6441
6502
6473
6522
6526
6476
6467
6534
6540
6540
6498
6448
6460
6504
6495
6518
6522
6499
6517
6547
6527
6483
6506
6552
6466
6482
6556
6531
6533
6477
6557
6506
6494
6512
6535
6513
6477
6477
6492
6563
6529
6510
6556
6540
6538
6520
6548
6482
6569
6569
6539
6531
6530
6574
6529
6545
6550
6573
6509
6566
6519
6575
6552
6520
6501
6575
6532
6557
6526
6523
6594
6595
6525
6557
6558
6603
6557
6587
6582
6595
6573
6601
6613
6517
6528
6550
6613
6586
6568
6569
6535
6561
6578
6607
6594
6597
6614
6571
6580
6538
6599
6613
6634
6550
6605
6541
6611
6621
6613
6612
6634
6574
6589
6594
6558
6628
6576
6616
6553
6611
6581
6595
6617
6557
6593
6616
6651
6578
6622
6585
6616
6656
6578
6625
6632
6632
6613
6638
6572
6583
6590
6610
6638
6636
6596
6638
6618
6581
6613
6643
6670
6638
6644
6619
6669
6680
6592
6686
6637
6615
6682
6683
6658
6687
6618
6693
6662
6632
6660
6607
6670
6645
6631
6686
6677
6623
6645
6696
6632
6659
6693
6651
6616
6693
6702
6642
6666
6716
6633
6641
6671
6700
6681
6701
6692
6667
6680
6699
6660
6670
6635
6697
6643
6724
6733
6737
6649
6643
6729
6710
6736
6701
6728
6720
6700
6656
6721
6715
6703
6715
6706
6660
6655
6722
6718
6668
6681
6698
6698
6705
6672
6756
6745
6668
6708
6708
6764
6681
6767
6736
6682
6733
6679
6731
6767
6725
6742
6736
6743
6774
6769
6716
6768
6715
6690
6748
6715
6752
6704
6785
6763
6792
6709
6773
6784
6746
6754
6701
6707
6713
6775
6769
6797
6786
6783
6798
6797
6797
6745
6772
6759
6803
6755
6802
6796
6742
6801
6724
6752
6723
6813
6792
6736
6736
6742
6795
6820
6799
6759
6786
6831
6783
6794
6756
6779
6741
6805
6753
6765
6808
6800
6755
6820
6826
6784
6777
6771
6829
6800
6815
6824
6758
6823
6826
6790
6807
6815
6820
6815
6833
6828
6812
6781
6798
6796
6796
6812
6830
6845
6840
6832
6781
6812
6781
6858
6815
6866
6868
6785
6836
6865
6850
6828
6848
6821
6849
6866
6790
6881
6833
6861
6822
6869
6815
6800
6853
6896
6845
6858
6871
6862
6818
6844
6825
6851
6820
6843
6834
6875
6851
6868
6834
6853
6908
6873
6856
6904
6907
6866
6833
6870
6891
6849
6859
6875
6852
6872
6886
6873
6909
6879
6932
6927
6911
6935
6896
6929
6920
6860
6899
6856
6906
6850
6869
6928
6926
6910
6874
6936
6892
6861
6921
6879
6938
6861
6931
6951
6869
6891
6954
6916
6960
6883
6910
6896
6874
6950
6882
6903
6928
6913
6966
6955
6893
6937
6962
6921
6923
6896
6929
6938
6924
6934
6972
6980
6937
6979
6918
6947
6990
6954
6940
6994
6980
6897
6936
6908
6995
6997
6911
6999
6943
6952
6947
6973
6956
6921
6916
6913
6961
6979
6994
6998
6961
6937
6961
6966
6939
6935
7021
6935
6934
6981
6980
6953
6930
6964
7013
7008
7010
7022
6993
6966
6986
7028
6945
6947
6946
7011
6962
7042
7023
7002
7036
7004
7030
6983
6967
7012
6963
6968
7013
6993
7052
6958
7019
7032
7041
6963
6965
6996
7053
7007
6970
7052
7002
6970
7023
7051
6981
6988
7026
7039
7019
7043
6986
7011
6991
7056
7047
7064
7011
7022
7016
7025
6993
7005
7085
7014
7036
7061
7029
7000
7028
7096
7010
7004
7084
7087
7084
7033
7014
7085
7020
7080
7017
7073
7034
7023
7014
7050
7033
7052
7105
7056
7096
7107
7095
7073
7102
7094
7067
7077
7053
7076
7101
7049
7115
7098
7123
7100
7091
7060
7045
7099
7057
7076
7098
7136
7047
7102
7092
7129
7051
7134
7145
7088
7096
7149
7098
7060
7109
7072
7088
7086
7133
7131
7126
7110
7153
7087
7080
7092
7106
7109
7142
7116
7095
7074
7137
7168
7115
7110
7175
7119
7078
7154
7104
7160
7085
7090
7086
7154
7121
7177
7148
7140
7169
7169
7186
7111
7121
7180
7188
7186
7145
7160
7195
7170
7199
7196
7109
7121
7118
7166
7126
7118
7205
7137
7132
7130
7130
7213
7151
7207
7207
7212
7205
7210
7148
7170
7171
7200
7132
7145
7172
7150
7178
7137
7194
7225
7140
7192
7219
7231
7225
7231
7206
7233
7240
7198
7194
7183
7202
7192
7183
7222
7189
7223
7174
7163
7250
7181
7167
7185
7220
7230
7206
7225
7234
7253
7233
7181
7203
7226
7257
7195
7211
7222
7185
7243
7231
7184
7236
7177
7197
7254
7183
7277
7278
7193
7190
7258
7279
7248
7282
7214
7281
7222
7279
7279
7240
7198
7232
7204
7235
7284
7278
7288
7300
7249
7270
7287
7210
7238
7268
7308
7293
7275
7307
7266
7223
7266
7306
7267
7225
7257
7292
7270
7229
7317
7300
7280
7290
7239
7297
7285
7308
7304
7312
7291
7239
7271
7270
7278
7269
7287
7278
7297
7319
7295
7328
7271
7293
7290
7309
7321
7338
7314
7307
7304
7284
7326
7318
7307
7327
7348
7292
7317
7313
7336
7288
7355
7289
7285
7276
7339
7359
7359
7366
7310
7361
7360
7326
7350
7278
7290
7362
7285
7344
7337
7374
7376
7380
7303
7377
7374
7361
7365
7343
7306
7374
7327
7395
7382
7345
7340
7369
7363
7307
7317
7309
7397
7387
7394
7406
7364
7321
7359
7373
7353
7372
7385
7396
7337
7402
7389
7383
7381
7403
7367
7365
7401
7391
7423
7358
7337
7384
7366
7359
7408
7370
7428
7347
7355
7394
7384
7432
7413
7371
7382
7388
7370
7410
7403
7376
7426
7447
7397
7412
7398
7434
7382
7416
7448
7404
7408
7450
7382
7429
7443
7435
7400
7404
7450
7393
7425
7390
7402
7398
7410
7461
7380
7409
7378
7392
7400
7388
7396
7404
7410
7424
7464
7386
7414
7472
7474
7391
7459
7414
7435
7448
7480
7457
7480
7464
7448
7472
7401
7490
7448
7415
7472
7412
7482
7439
7491
7501
7440
7479
7461
7473
7508
7422
7516
7464
7497
7433
7492
7476
7430
7426
7454
7472
7431
7461
7460
7524
7529
7480
7477
7444
7514
7527
7441
7465
7518
7447
7490
7502
7474
7482
7479
7493
7518
7522
7542
7477
7479
7545
7533
7477
7457
7471
7546
7542
7528
7492
7512
7528
7511
7475
7507
7488
7477
7548
7528
7531
7540
7560
7543
7501
7482
7569
7542
7503
7494
7549
7562
7506
7524
7559
7502
7569
7495
7553
7505
7574
7544
7565
7583
7561
7510
7586
7499
7519
7519
7532
7577
7573
7569
7588
7558
7525
7551
7517
7509
7532
7518
7569
7526
7589
7541
7603
7561
7577
7575
7619
7567
7557
7578
7546
7530
7545
7552
7550
7530
7595
7566
7558
7566
7606
7565
7559
7546
7630
7570
7610
7553
7604
7622
7632
7547
7637
7640
7587
7632
7593
7582
7621
7597
7572
7566
7562
7585
7566
7617
7574
7587
7565
7659
7649
7621
7632
7621
7592
7628
7633
7655
7652
7633
7578
7648
7649
7653
7673
7613
7630
7629
7615
7671
7594
7599
7636
7618
7636
7639
7618
7599
7622
7631
7615
7640
7609
7661
7690
7683
7688
7649
7669
7701
7624
7703
7702
7615
7689
7664
7690
7637
7613
7619
7615
7695
7660
7648
7674
7678
7643
7658
7679
7697
7628
7693
7646
7678
7690
7667
7634
7698
7648
7730
7674
7648
7643
7726
7704
7731
7709
7695
7647
7702
7657
7698
7734
7661
7660
7651
7708
7711
7698
7719
7704
7729
7729
7681
7675
7702
7679
7677
7741
7684
7720
7734
7691
7686
7669
7733
7701
7709
7696
7687
7678
7773
7720
7698
7691
7720
7712
7732
7684
7711
7758
7774
7752
7772
7733
7729
7760
7776
7717
7703
7737
7723
7759
7773
7701
7776
7719
7792
7733
7728
7746
7756
7728
7760
7734
7722
7731
7766
7786
7739
7811
7743
7763
7736
7735
7722
7799
7758
7755
7787
7736
7775
7750
7782
7728
7818
7785
7799
7817
7814
7821
7803
7761
7775
7823
7830
7748
7796
7789
7776
7816
7784
7834
7797
7788
7791
7784
7791
7754
7767
7777
7764
7825
7813
7795
7762
7813
7857
7799
7829
7764
7772
7860
7792
7776
7777
7852
7834
7813
7853
7780
7866
7825
7794
7825
7781
7832
7837
7854
7812
7828
7853
7816
7818
7820
7814
7869
7863
7864
7857
7888
7832
7833
7855
7819
7816
7806
7879
7886
7862
7878
7840
7819
7871
7884
7905
7908
7826
7825
7849
7841
7885
7913
7846
7857
7913
7917
7879
7887
7883
7868
7870
7914
7890
7892
7843
7884
7918
7921
7840
7910
7924
7924
7845
7861
7857
7891
7862
7897
7926
7859
7860
7936
7938
7857
7877
7929
7856
7917
7951
7936
7939
7935
7948
7913
7948
7950
7903
7917
7936
7945
7938
7893
7952
7909
7958
7965
7952
7877
7963
7972
7896
7952
7880
7891
7919
7966
7970
7885
7913
7884
7887
7947
7909
7925
7895
7980
7989
7927
7921
7937
7903
7980
7972
7971
7933
7953
7951
7990
8001
7937
7909
7969
7962
7926
7932
7922
8004
7952
7956
7999
7954
7940
7950
8008
8004
7983
7935
7974
7933
7952
7946
7935
7976
7957
7991
7965
7963
7935
7984
8007
7957
7985
7996
8002
7967
8021
8011
8028
7944
7984
8015
7997
8019
7980
8029
7987
7966
8010
8010
8050
7958
7980
7968
8007
7989
8010
8046
8014
8023
8023
8035
8044
7979
8035
8021
8008
8012
8022
7975
8042
8025
7983
8042
7999
8010
8007
7982
7988
7984
8059
8006
8017
8051
8046
8018
8016
8026
8072
8071
8044
8091
8025
8059
8052
8073
8005
8017
8013
8014
8027
8060
8101
8055
8028
8034
8107
8110
8104
8104
8029
8042
8049
8094
8020
8081
8028
8091
8074
8027
8105
8084
8052
8064
8067
8067
8093
8046
8050
8112
8132
8093
8121
8110
8047
8083
8098
8110
8094
8123
8117
8126
8049
8090
8109
8104
8147
8096
8148
8101
8055
8108
8144
8115
8122
8119
8097
8134
8063
8087
8118
8114
8085
8081
8091
8148
8145
8136
8130
8152
8138
8141
8175
8125
8132
8138
8148
8126
8161
8149
8091
8148
8129
8120
8173
8162
8163
8190
8109
8131
8126
8181
8125
8123
8142
8164
8159
8157
8136
8183
8106
8167
8169
8141
8129
8176
8167
8175
8144
8125
8157
8145
8153
8128
8124
8124
8128
8165
8171
8171
8201
8178
8187
8137
8169
8158
8193
8135
8138
8196
8204
8222
8168
8180
8147
8194
8214
8217
8221
8219
8169
8194
8244
8213
8211
8149
8210
8186
8214
8213
8219
8251
8245
8227
8179
8246
8252
8227
8244
8185
8216
8238
8182
8199
8251
8249
8260
8217
8243
8244
8248
8182
8224
8222
8254
8210
8218
8187
8207
8214
8263
8269
8268
8263
8196
8272
8281
8266
8243
8201
8235
8215
8269
8231
8264
8245
8248
8208
8254
8232
8218
8227
8214
8270
8212
8294
8271
8238
8229
8259
8225
8303
8299
8227
8309
8268
8315
8275
8262
8230
8254
8232
8283
8266
8289
8286
8263
8236
8294
8330
8281
8263
8274
8258
8253
8301
8331
8309
8290
8296
8341
8324
8320
8311
8346
8287
8325
8257
8325
8323
8342
8278
8347
8281
8357
8288
8347
8289
8277
8290
8279
8316
8273
8352
8339
8319
8349
8349
8290
8332
8299
8353
8367
8305
8283
8365
8347
8359
8375
8283
8286
8314
8289
8313
8363
8383
8368
8321
8374
8340
8390
8375
8386
8318
8350
8302
8331
8373
8332
8319
8352
8363
8388
8347
8334
8344
8346
8385
8314
8393
8316
8315
8398
8357
8334
8387
8381
8326
8388
8405
8371
8416
8393
8351
8351
8372
8336
8341
8364
8385
8415
8338
8406
8433
8375
8408
8400
8373
8421
8437
8403
8429
8432
8416
8428
8410
8409
8409
8396
8366
8399
8421
8442
8455
8432
8432
8452
8368
8419
8419
8397
8367
8445
8378
8455
8428
8370
8405
8405
8417
8458
8407
8416
8378
8406
8451
8464
8430
8417
8474
8425
8458
8460
8447
8454
8473
8484
8477
8417
8438
8422
8424
8492
8443
8480
8399
8436
8436
8455
8423
8439
8417
8432
8506
8419
8424
8502
8414
8491
8458
8425
8426
8437
8514
8500
8449
8518
8499
8449
8506
8465
8474
8504
8520
8508
8448
8496
8521
8465
8518
8488
8460
8437
8481
8451
8494
8497
8453
8482
8484
8495
8526
8476
8536
8509
8492
8542
8485
8502
8539
8477
8534
8466
8469
8488
8521
8512
8541
8515
8522
8502
8505
8540
8548
8506
8558
8494
8534
8526
8504
8540
8506
8488
8484
8533
8516
8509
8502
8542
8551
8559
8563
8515
8539
8527
8582
8509
8577
8525
8556
8558
8553
8547
8520
8549
8504
8564
8542
8568
8567
8574
8552
8572
8593
8563
8561
8546
8544
8597
8543
8565
8530
8592
8615
8578
8549
8604
8525
8593
8598
8581
8562
8527
8586
8554
8627
8601
8605
8615
8590
8596
8613
8621
8605
8560
8558
8568
8546
8542
8630
8559
8560
8573
8589
8632
8557
8649
8560
8642
8585
8556
8590
8620
8566
8604
8586
8579
8598
8642
8585
8647
8579
8627
8600
8614
8637
8586
8667
8613
8591
8643
8592
8662
8629
8652
8585
8650
8624
8600
8671
8633
8662
8630
8624
8602
8625
8685
8604
8644
8616
8606
8655
8648
8679
8670
8615
8637
8639
8668
8622
8695
8644
8606
8668
8633
8669
8648
8698
8692
8618
8643
8649
8703
8633
8715
8631
8649
8693
8630
8700
8633
8693
8673
8657
8658
8651
8654
8679
8712
8699
8731
8662
8648
8707
8692
8650
8665
8672
8645
8699
8731
8717
8697
8719
8725
8746
8653
8717
8704
8690
8747
8684
8709
8719
8751
8737
8734
8673
8715
8750
8724
8701
8687
8694
8727
8715
8753
8736
8750
8767
8754
8732
8760
8713
8691
8679
8759
8731
8729
8705
8731
8692
8689
8690
8755
8731
8785
8739
8753
8792
8704
8749
8769
8761
8751
8750
8704
8745
8753
8721
8733
8801
8734
8725
8793
8776
8784
8737
8806
8749
8801
8804
8718
8758
8790
8773
8745
8814
8785
8733
8727
8797
8726
8812
8729
8770
8782
8763
8798
8742
8808
8797
8790
8752
8739
8825
8803
8839
8814
8778
8803
8746
8845
8799
8827
8764
8815
8823
8837
8821
8789
8761
8853
8820
8796
8769
8771
8782
8845
8775
8827
8784
8851
8792
8838
8859
8784
8863
8778
8814
8870
8848
8830
8855
8833
8871
8854
8878
8839
8819
8788
8819
8840
8813
8883
8862
8826
8841
8872
8811
8797
8866
8886
8855
8827
8824
8862
8885
8842
8837
8808
8828
8891
8876
8846
8906
8838
8836
8820
8855
8853
8890
8900
8863
8895
8823
8820
8841
8836
8869
8867
8861
8904
8906
8852
8855
8904
8886
8873
8901
8864
8923
8891
8884
8886
8905
8856
8865
8852
8916
8884
8849
8892
8918
8889
8890
8859
8893
8940
8868
8888
8867
8925
8881
8875
8941
8904
8933
8921
8953
8888
8893
8920
8912
8966
8951
8886
8963
8892
8906
8944
8928
8887
8965
8887
8957
8974
8947
8938
8944
8937
8947
8948
8897
8946
8939
8930
8989
8983
8939
8950
8915
8933
8900
8974
8972
8975
8975
8912
8946
8931
8996
8932
9003
8915
8921
8949
8972
8997
8928
8924
8985
8996
9001
8969
8971
8989
8931
8987
8979
8966
9008
8989
8937
8979
8972
8974
8931
8944
9019
8976
8937
9023
9012
8986
9029
8985
8947
8967
9020
8968
8958
9003
9018
8986
9022
9003
8976
9016
9002
8973
8999
8969
8969
8977
9037
8992
9052
8975
8991
8993
9021
9003
9045
9064
8985
9051
9015
9069
9000
9042
9037
9031
8980
8983
9053
8985
9045
9034
9031
9073
9007
9066
9080
9074
9071
9038
9000
9015
9089
9081
9062
9068
9088
9080
9064
9072
9061
9101
9088
9023
9011
9038
9061
9057
9081
9058
9066
9024
9047
9042
9058
9082
9083
9054
9097
9083
9042
9047
9105
9077
9073
9116
9125
9101
9102
9124
9068
9106
9095
9114
9107
9062
9051
9063
9079
9063
9140
9082
9064
9057
9077
9084
9084
9072
9057
9128
9102
9092
9070
9120
9087
9120
9089
9119
9115
9096
9062
9086
9122
9101
9066
9070
9104
9142
9127
9070
9095
9155
9100
9081
9089
9162
9101
9109
9171
9124
9169
9092
9179
9099
9111
9132
9119
9155
9108
9162
9136
9133
9145
9169
9124
9128
9117
9183
9157
9181
9200
9189
9128
9195
9160
9186
9140
9157
9178
9189
9168
9147
9131
9205
9119
9125
9216
9155
9120
9143
9193
9197
9195
9203
9194
9180
9164
9182
9220
9145
9177
9195
9230
9180
9228
9195
9203
9187
9221
9147
9162
9180
9182
9176
9200
9238
9231
9171
9194
9232
9186
9202
9233
9222
9161
9170
9231
9197
9219
9197
9169
9207
9226
9263
9240
9213
9228
9235
9242
9215
9214
9199
9227
9210
9185
9198
9185
9271
9269
9196
9187
9260
9251
9235
9205
9281
9255
9253
9192
9274
9264
9276
9196
9277
9261
9222
9219
9270
9208
9206
9288
9253
9282
9234
9214
9286
9239
9302
9274
9297
9284
9213
9280
9312
9266
9288
9255
9279
9258
9230
9295
9256
9309
9259
9307
9247
9301
9274
9231
9273
9294
9277
9251
9266
9284
9250
9312
9331
9249
9249
9286
9270
9310
9326
9329
9277
9312
9327
9312
9326
9350
9279
9321
9333
9270
9306
9354
9344
9318
9331
9265
9344
9277
9291
9360
9356
9332
9268
9350
9344
9335
9276
9351
9359
9363
9374
9323
9325
9329
9350
9319
9313
9367
9333
9332
9310
9352
9311
9320
9306
9356
9381
9303
9376
9361
9380
9312
9345
9361
9303
9330
9386
9339
9319
9311
9345
9374
9312
9360
9402
9373
9409
9392
9400
9389
9364
9404
9405
9365
9338
9341
9382
9372
9375
9411
9344
9330
9408
9341
9388
9425
9360
9371
9387
9351
9361
9353
9427
9343
9416
9355
9342
9405
9373
9407
9437
9354
9391
9396
9371
9364
9383
9439
9358
9403
9441
9362
9430
9443
9443
9417
9394
9426
9457
9389
9387
9457
9407
9455
9465
9418
9404
9373
9413
9391
9405
9410
9413
9389
9414
9430
9447
9411
9461
9395
9408
9459
9428
9475
9477
9458
9444
9467
9395
9458
9468
9493
9489
9418
9483
9471
9444
9502
9495
9483
9479
9441
9469
9448
9419
9473
9476
9508
9426
9467
9416
9437
9473
9443
9468
9490
9470
9477
9486
9524
9518
9484
9497
9513
9452
9473
9464
9529
9457
9478
9482
9440
9497
9465
9457
9529
9448
9526
9541
9451
9456
9505
9462
9452
9454
9486
9467
9456
9539
9512
9496
9496
9500
9529
9472
9550
9494
9463
9515
9465
9523
9472
9537
9493
9527
9553
9551
9512
9511
9514
9507
9556
9563
9549
9540
9532
9547
9522
9519
9552
9488
9586
9528
9564
9514
9513
9569
9546
9534
9585
9575
9569
9526
9522
9538
9514
9579
9588
9598
9507
9585
9590
9538
9590
9595
9536
9607
9540
9589
9577
9547
9533
9548
9549
9549
9607
9532
9588
9554
9594
9545
9567
9550
9569
9574
9594
9619
9556
9578
9576
9617
9619
9579
9555
9622
9597
9600
9611
9549
9595
9633
9584
9568
9596
9559
9625
9562
9643
9600
9621
9559
9652
9647
9571
9638
9633
9592
9604
9650
9633
9652
9603
9631
9602
9633
9641
9657
9642
9619
9633
9615
9592
9651
9629
9582
9673
9670
9585
9650
9607
9653
9587
9676
9601
9612
9617
9680
9594
9632
9674
9641
9627
9653
9620
9621
9644
9631
9622
9657
9666
9614
9623
9683
9644
9662
9619
9687
9654
9670
9639
9639
9643
9641
9697
9675
9719
9699
9638
9636
9708
9714
9714
9664
9721
9699
9651
9708
9677
9655
9654
9689
9679
9710
9721
9642
9643
9676
9670
9720
9728
9745
9655
9694
9731
9689
9742
9656
9676
9717
9655
9679
9730
9685
9727
9710
9752
9735
9724
9758
9712
9744
9733
9729
9670
9671
9679
9706
9756
9678
9726
9721
9751
9750
9711
9738
9729
9779
9767
9717
9764
9712
9779
9723
9714
9715
9737
9767
9694
9730
9730
9711
9700
9797
9781
9744
9749
9797
9773
9752
9737
9723
9803
9723
9744
9719
9758
9794
9747
9756
9774
9750
9748
9770
9738
9773
9749
9803
9742
9818
9767
9790
9807
9739
9811
9790
9758
9805
9801
9748
9744
9781
9767
9764
9755
9767
9806
9793
9821
9753
9747
9761
9841
9763
9836
9759
9827
9797
9804
9818
9799
9771
9764
9801
9844
9824
9850
9819
9798
9821
9784
9789
9863
9803
9825
9803
9866
9844
9862
9872
9814
9866
9859
9789
9873
9827
9784
9787
9787
9826
9811
9865
9825
9814
9807
9798
9821
9866
9887
9870
9870
9891
9832
9867
9815
9851
9872
9867
9868
9855
9830
9893
9893
9863
9832
9867
9874
9844
9817
9886
9905
9879
9867
9867
9827
9887
9835
9851
9858
9914
9918
9917
9862
9896
9899
9904
9920
9917
9873
9909
9883
9906
9918
9841
9919
9900
9907
9867
9846
9848
9883
9925
9940
9913
9863
9887
9857
9889
9903
9885
9906
9918
9951
9937
9897
9902
9921
9923
9867
9915
9932
9932
9890
9922
9938
9967
9955
9918
9911
9935
9913
9921
9925
9942
9978
9893
9935
9959
9896
9904
9916
9922
9949
9913
9912
9958
9962
9894
9900
9993
9980
9966
9964
9942
9918
9982
9952
9953
9989
9943
9974
9945
9964
9941
9977
9998
9996
9988
9940
9948
9944
9947
9975
9940
9937
9921
9970
9926
9964
9937
9996
9985
9987
9987
9963
9995
9951
9973
9941
9967
9967
9982
9976
9973
9946
9955
9988
9980
9983
9998
9965
9958
9968
9959
9983
