5415
9469
9744
2568
4041
399
2605
2015
5405
7127
6691
5659
7194
9648
9947
4529
8132
6534
8887
4419
7174
6289
3095
3831
8472
5008
228
4246
9554
3716
4826
6402
9796
7845
5909
8622
2482
9506
1639
9705
6543
447
4084
9409
3403
9865
3532
4129
275
6630
9745
4014
3716
9890
7015
494
6284
5499
988
9915
4729
8287
7813
9857
333
1778
384
9563
696
7651
2198
4884
7584
6965
6636
1165
7280
3973
8400
4549
8295
1214
4226
3361
6256
1487
2036
6405
7352
8307
1238
4288
9764
1490
2006
3210
7212
8610
8070
8064
9950
6279
5805
3132
6314
7394
2201
4174
2302
1829
5690
5321
7543
8402
6742
7778
3506
5347
9647
5089
3814
5051
2942
1456
7145
6330
3614
5459
335
4137
9350
1381
3051
2279
3889
4346
5636
9446
2838
3440
8646
2667
1182
9119
5921
5137
9170
7306
3081
7335
250
2811
9821
1287
3308
8972
7492
7912
1559
8728
3116
6483
2172
4753
7202
3416
3924
2717
5496
4838
5021
2260
4186
3663
9570
4855
3930
7318
9173
6362
614
6606
5553
4805
9716
9763
1247
635
6799
8251
7994
7614
8781
2477
6627
7315
9367
6280
8074
9199
7303
8785
2337
1257
7970
1004
1223
3272
7220
2426
1040
5900
1364
9790
3460
3985
8705
6168
6330
1772
6168
3593
1322
1033
9166
6533
2031
506
4129
6715
4334
6476
854
2013
700
9909
6211
3445
1457
5043
1640
4652
9011
8070
4329
7685
5469
2176
6033
7386
