6416
6307
7190
1766
2244
3475
9435
8612
6128
4385
9115
3022
4431
5496
3074
9438
5836
3821
9755
9159
6441
9636
2478
8784
8523
5734
3130
6138
1821
3535
861
9933
8376
2057
5239
4017
1965
1774
944
7006
1020
1764
1617
3336
9512
5134
3721
2325
3769
4745
7401
7699
4438
8472
240
1240
1862
873
1529
681
59
5993
9234
3797
9160
4301
9153
7751
8673
5207
5975
5195
4291
5530
8885
6360
9061
3361
182
9429
5700
6282
3963
9865
595
2645
3347
3031
1604
4724
8947
3447
1150
2940
8327
8334
3307
1075
6048
2698
8572
3420
6558
8168
2866
6138
7681
8021
7910
6776
726
6392
8584
7804
4358
536
9155
2375
3278
1199
4291
3046
9509
7628
2700
7117
3586
583
913
5471
5345
8814
2246
5297
9147
1900
1285
940
6352
5102
7398
1256
8658
9929
1698
6320
9527
7483
659
1110
7311
345
6152
8885
2957
2739
6055
2344
7174
8030
1786
6426
6833
7231
9120
2562
7999
2119
6472
594
3516
1813
464
1184
6314
2209
2042
8518
5743
3559
7657
376
3143
2637
9128
241
4578
2451
2643
4000
3221
4249
2093
2016
1218
3700
4424
5882
1033
5561
5016
7986
9242
8861
9232
1179
1552
7741
2236
5308
6414
1401
2923
7130
6011
319
9400
239
7643
4903
2807
1999
5566
7030
3510
5243
3188
4543
8655
3471
8206
3729
2945
9642
8730
5024
5101
321
6752
2759
927
8859
6393
626
169
3618
8308
720
8410
9787
8329
5531
7147
6270
8000
9021
4876
2331
6963
5095
9541
2191
2378
9157
8001
9648
8496
1225
1330
8884
304
7106
5683
2146
8782
7526
7254
9724
1703
3768
6393
2750
3159
2386
354
4739
7012
857
6339
3511
4352
656
6501
1161
2684
4168
4413
6061
5050
7102
8127
7560
606
8619
8395
982
4240
7270
1899
7824
1765
1995
8394
3610
8927
3960
7552
3799
7031
6798
6010
6319
5317
9937
7613
7856
402
2132
178
9830
6080
79
240
9192
2555
14
3180
8570
2790
8597
9902
142
5073
3049
2801
7634
5135
9505
3132
1296
8173
2863
9111
1382
1018
1004
9072
6710
7321
1227
6830
6209
4134
6944
7040
2999
6546
8271
6778
2535
8124
1015
5848
8601
8843
4704
2368
3542
8921
1858
2094
2006
6484
7463
9627
708
9382
9731
7156
224
6612
700
1721
8673
2800
7912
5112
1306
9961
6518
1456
4468
4411
4497
6322
7179
3044
2368
7736
8670
2493
2762
3880
5611
6681
4539
4454
8484
3148
742
2686
2566
6198
9625
2792
5335
5387
3207
3343
8773
1166
8415
404
1971
5606
1681
5623
6760
5018
9096
3465
6637
3060
687
8716
7179
7402
9193
53
4359
433
862
7991
5674
4618
8162
5851
7864
6110
2129
507
4121
6005
5043
5640
3190
7250
2565
3978
2489
6598
8097
6556
7512
5262
1153
6449
143
8944
5829
1597
9239
7783
5060
6373
7863
9403
1321
4348
2896
3769
4625
5355
4365
6792
4283
8406
3863
783
1705
8251
3624
3726
7743
7476
481
6103
9556
7882
1781
3514
8778
4623
3578
5733
4903
4065
4925
7940
5216
1649
5953
7931
5366
9205
1538
3808
2704
2071
6858
347
7911
5160
5892
8578
9082
3684
9007
2383
6484
8616
1189
7966
5443
9184
8168
6860
9495
4696
3734
844
5830
5814
7862
7611
315
1026
1922
9293
9949
7532
4215
2096
6446
6988
6341
4174
5845
5659
8505
630
5543
5387
9766
9050
1927
6495
7432
6343
8933
6256
8350
7825
271
6869
3664
2457
5802
5027
7776
3943
5615
1112
1686
5998
3723
9795
693
1507
6959
5420
6501
9530
3680
4900
4189
1154
1169
8087
5212
5018
245
555
8620
6058
534
6584
4036
6427
94
747
1564
5900
8644
4963
5776
147
4503
4134
3198
9154
1551
7556
5300
4860
4001
5173
1891
6548
3582
7457
3062
4937
5846
5190
1287
1055
9759
748
9205
3973
7470
5639
2684
2250
9202
9963
3285
7563
1588
8260
8990
5400
6464
2749
7153
6918
1100
9369
9042
8131
185
4217
1037
7419
4479
8004
3586
29
993
3944
5363
8723
4792
163
6697
3013
3067
1122
3349
5506
8025
3847
8935
2854
6264
3802
1924
456
8873
2138
1026
4672
8235
745
989
3613
4665
4052
9355
7765
8448
6824
3583
4663
574
5369
7054
7642
8514
5474
1980
7279
1796
4195
6989
5573
5748
4160
7252
7113
849
8454
5420
8553
9369
1337
2351
7551
650
5061
7633
4994
1261
5884
1240
9816
6560
2988
9327
4013
5699
2487
9108
6532
3023
4950
51
8674
4958
8940
1220
344
3003
4952
7470
6020
234
3854
434
1707
853
1398
3764
9253
9755
5742
5918
2427
1793
8018
7934
9923
8540
6955
8120
4073
3658
7313
315
460
6688
8452
7523
2852
9089
3765
8075
9917
5619
3875
7215
5049
8812
6526
3006
8262
4195
3910
1834
9640
9187
3813
5372
7079
9111
4405
7906
7174
9685
3752
124
7035
6492
4230
3127
6521
8451
8866
4261
4940
4099
1348
4627
3602
6629
3970
6628
5789
6054
8071
8750
8687
4602
9672
3941
7599
4517
8991
7393
1376
5815
6216
9325
9423
5199
7552
8443
4848
6354
4900
2159
5375
6158
9737
354
3500
924
6784
515
22
1768
5855
3390
563
8411
924
9974
2998
6284
3901
2591
4795
2686
6850
5119
3191
3917
468
9989
7871
6803
8527
2489
5342
4835
7676
6119
6545
1275
9506
6276
4434
8997
7113
3357
6208
9580
1517
569
5690
2243
4253
6134
4932
6555
1205
4420
564
1547
9324
5556
9607
7862
2257
8531
1545
8849
3117
8475
8262
1171
2627
4840
1157
5384
8695
3547
5195
2232
9108
2812
2977
915
2496
9318
7977
1501
3952
8703
5045
4792
790
1874
7976
9483
789
6610
8508
8243
9982
2097
8458
1454
9552
2567
6847
9817
1721
5067
6903
4724
2648
5508
3543
8393
6311
6645
615
4119
7094
1361
8538
663
383
4779
7239
3824
9849
9070
6327
2509
7312
5572
4274
6270
6061
9846
1057
6187
1360
6648
4206
1220
2472
3413
6454
7732
9013
2860
4336
719
681
7555
960
1496
3492
1879
2926
8071
7527
9757
908
1232
919
9692
5747
1518
2276
2202
7102
9648
9105
8565
9649
5761
2884
3954
2644
829
2447
2499
2238
7020
6022
6574
2366
2454
8906
7720
9270
9762
8115
1991
6713
7219
7534
8243
3865
5789
7121
3897
5431
5377
7545
9051
4134
8837
7250
6467
8916
2808
2395
1921
8335
353
1394
6681
7568
1541
4837
1450
9136
4608
8448
9052
2007
2136
1460
1297
1120
3823
5283
4035
9495
9834
7648
3213
8100
6461
5581
3918
4431
8910
6468
3859
9364
4352
263
2471
3250
2114
7447
6987
6456
6817
6735
7153
6599
4640
3721
1003
4572
2451
6679
5166
4118
4520
8526
4447
5202
1740
4621
7138
9706
3870
4514
4450
9094
6156
1989
4723
7590
7885
1872
5687
1156
1913
3904
920
2086
1018
3713
9877
1397
9043
8420
4388
6364
2241
9719
8357
8497
8948
440
1545
8106
3809
1514
2786
5126
6103
5044
2755
2380
439
5748
1505
6594
2063
7436
1374
4599
8319
3353
1594
6951
2456
9265
6950
8904
5862
5966
9167
9124
99
3516
6377
9838
614
2986
2950
8207
9929
2721
9277
7641
9240
5237
8665
9485
3895
7705
6402
46
9991
3731
4279
5321
6479
6596
2358
5892
9572
4484
8642
7485
4015
6327
6420
8447
8825
2879
8556
4031
3466
1352
7741
8749
4141
3551
1823
2336
8822
6814
3744
1856
4011
4260
6298
2386
5784
5871
2979
1329
2639
4737
7498
6925
7906
3435
6234
9809
5017
3981
9794
7549
9838
1015
2199
6047
392
1979
8737
8378
5864
9932
6465
1225
3526
4325
4549
1372
4372
2593
5139
9930
5676
718
9324
9918
1434
4077
6884
3623
9691
814
2968
9776
9156
8751
9658
6968
6154
3412
5429
8999
6971
9137
937
9858
9983
7437
5253
908
6517
6769
2733
501
9394
5722
6994
6745
3291
7254
5170
7411
1650
5038
2537
7094
722
4275
4925
654
2506
8365
3854
3669
4845
9747
7315
5212
8766
7878
7243
5581
218
9874
3324
1801
5866
9621
1584
6679
269
9315
5349
3005
4892
3348
5659
3063
7719
8190
7970
5075
5954
3510
2065
2380
3261
9164
2521
8245
7330
9857
7759
8999
3144
4318
6750
913
2285
8637
3788
1662
8832
4046
3371
5545
7988
7876
9228
2724
4411
2699
3775
6645
3444
2693
6876
573
9891
8208
5713
3654
5837
9155
736
9340
1080
5401
6225
4116
7225
7625
7835
2490
9191
5260
3603
4975
5974
9093
9417
9407
5843
4819
4686
2348
9867
466
9034
6569
1625
4956
6274
2625
288
7281
7596
7413
8877
5784
1944
249
9399
4838
7905
7494
1871
1884
8060
33
4727
1207
3720
4040
34
2093
5271
4350
8075
8107
880
1504
2393
1080
4283
8073
8162
8118
539
7214
3897
2445
7184
6587
8922
9211
7043
3721
6788
5546
8130
4746
7858
63
5492
6951
2676
801
9671
7121
1383
2149
6518
1758
3489
686
3496
2388
6546
7076
8335
8983
1962
6147
6910
7201
1066
133
8577
618
4819
661
8808
7427
6092
3546
988
2180
4331
6678
1451
7057
8588
5405
4479
3887
6393
1650
6826
7677
2773
2738
4611
4758
5800
3397
8880
3838
2525
9720
32
6210
1877
7026
5419
2167
9153
4480
8907
4279
131
8122
5960
4592
1468
492
2887
2057
8092
9455
4319
8513
7557
1018
8649
6435
5993
913
7244
9280
171
7597
9550
5782
5478
4899
2850
2829
152
6029
2434
7626
1971
1910
5176
8826
4804
5857
7128
7970
8901
3535
3635
7173
624
1805
8670
6324
4425
2584
8651
3219
2313
8166
4801
3066
3818
2592
7277
9541
2466
9595
3777
8227
3207
1408
5069
4638
8877
4302
13
3303
2790
6103
3022
1387
8853
8115
7628
202
225
8933
851
626
2463
386
4402
3915
7345
6560
393
7695
9131
5221
1209
8021
5857
7286
5446
2305
4489
4013
4444
4635
201
3498
6802
4579
6903
7744
1503
2876
8222
9079
3799
2618
5587
47
1833
2490
2828
3984
6140
9434
4717
4491
8612
1694
295
731
2310
9625
465
2078
8582
878
3374
19
3343
8613
355
7413
89
6234
9883
5205
3258
9827
6873
4545
1852
9940
9932
7863
9932
7654
9723
5930
7515
5978
7447
9160
2711
6534
3667
519
3511
3213
4167
4262
5538
9037
1343
9425
286
9805
6770
9515
6904
8271
2984
158
9412
5582
289
4601
389
2490
7451
2903
1637
1461
3492
4430
2101
2225
1502
4815
3406
7516
4380
7960
3789
2824
6689
810
1890
3812
6479
3698
2928
7724
5822
1822
1075
588
9072
4093
3561
316
3402
4018
3927
6893
7057
3554
4186
4766
6932
4927
8197
9295
8576
7318
1478
8623
8538
4977
5888
4735
1091
894
1139
2580
8788
5405
8931
4158
9065
2316
9659
5239
7150
6025
6104
5994
8915
1914
3280
3224
5984
8825
8736
1117
9403
6854
2952
9496
7494
5868
5243
3361
8120
155
6571
5229
5537
2484
7012
2210
7236
6414
2285
3090
6735
9217
699
6760
4182
8972
9161
2277
7760
8509
4465
2545
5419
5738
3998
8165
8252
4600
8190
5343
3958
3407
5581
1920
1245
7617
208
8557
3810
2288
155
7918
5544
5328
5598
3267
7014
6483
4418
9338
6946
8542
3577
2562
1409
6623
4822
4758
7737
8627
4024
4259
9824
4912
4458
1134
6362
8124
5684
8590
3842
4683
1334
989
1696
7937
1079
9981
7804
9211
4314
4173
8822
7068
5687
4512
1213
6992
5528
7050
5734
3378
1394
7166
211
3236
523
4453
2874
6357
6795
5459
1287
9775
9960
2275
9927
5367
9358
8563
2881
8136
9129
1022
6773
9341
6995
3523
3045
2988
4095
3208
8026
6417
9089
2656
3831
5707
5733
9927
3067
4478
9504
8755
5573
261
5474
4449
5976
6083
6623
7178
6705
6173
9024
3212
2296
3751
7953
6444
7315
5757
6859
7038
2029
4088
9335
1416
7068
5378
2786
7944
779
1735
1295
5692
673
2945
4351
9384
3467
6597
7583
2298
6565
6383
1385
285
7514
346
3433
4275
6955
284
1488
5725
4923
669
3582
9280
9918
492
3724
9601
5167
4236
2590
4790
6681
8826
4322
7139
3298
1864
2503
3011
9779
2682
684
7609
181
1863
5389
7098
236
6730
2463
79
4291
19
797
2791
4440
6446
1034
7569
6963
7223
669
2052
3878
5689
1111
7460
5520
8185
6749
7825
3386
3060
827
8503
1195
7246
8026
1511
6093
4272
9055
7279
1252
9731
8254
7253
5705
250
1257
9467
7232
9852
6079
9650
9308
3186
7655
3772
3728
8607
2825
3981
6348
5289
11
8852
4607
7678
5464
555
1948
7440
5801
6117
6095
7780
4823
7291
5240
7492
1084
3728
8637
2463
1554
7106
5852
433
5841
9670
1940
822
4917
9251
4244
5140
8077
4229
130
5102
1907
6152
4032
4954
5491
4743
6417
1675
6767
9903
6975
1802
5968
7970
9195
6360
3434
4973
3794
6090
725
7919
3987
7569
5936
6251
6469
7091
6363
9513
8151
3251
4305
4031
203
1062
4636
909
7753
111
6027
24
5696
6813
1220
9862
8538
6084
5573
1014
4901
954
7271
1944
5395
9535
7052
9246
5932
7545
55
1007
7236
1168
7524
1162
5277
9379
1454
4712
6713
7116
1016
8576
7983
623
5617
497
6672
4187
5763
8889
8989
3043
9571
9825
7767
751
9741
3455
1252
540
3046
1060
4145
9234
2010
5689
8841
9227
6344
3837
6619
8702
9908
3027
5666
2763
7504
259
5238
8511
4645
9333
3000
5187
2576
791
5675
6499
326
6860
1453
5962
5285
5185
6340
7694
3954
9358
5581
4466
4870
1306
5635
2017
6433
448
1767
3654
3398
7193
1269
1961
7127
3839
2569
5115
6329
4214
6038
3707
7015
4510
3168
258
2632
1675
6993
7682
7960
2453
8103
4838
3233
5718
7408
6997
8162
3070
8950
6571
9091
7872
3455
4780
6301
837
6102
8042
2686
1105
10
3853
9442
5331
327
9650
9211
3726
2499
4746
2211
1224
2254
9805
6252
3992
4197
511
7304
6339
465
2111
3253
770
897
9327
9856
4380
1345
1758
4550
8107
7364
8362
711
1430
6364
5846
2266
4056
2481
4873
6131
7821
4947
4881
7845
6616
2508
3015
3993
9474
3599
5149
3537
2127
4370
7349
8997
5323
4455
4214
7598
3987
3378
6509
1935
9902
8906
4256
9510
2022
2306
3014
559
2723
4478
477
4006
5388
1236
7703
2082
8524
5622
4305
5183
4323
83
9760
9859
5005
1576
3613
4508
8633
8217
5818
9278
7138
6976
4701
8983
3240
8089
4113
407
9674
3356
3235
8280
3659
2290
2155
7430
1923
2232
3905
2118
6740
5937
8911
7424
1429
2910
996
1690
4548
8820
4965
3495
5629
686
4628
1403
1706
4207
6628
9829
3110
3617
9866
9747
9081
3734
2491
8697
8548
8507
8446
564
9140
285
3374
1937
7948
9285
5329
8513
842
3284
9173
1972
3277
3438
4823
5020
4410
3305
8557
9891
8094
4653
3488
3499
8848
5419
15
633
8274
2346
9556
5138
7527
3193
5208
7821
4442
1235
1092
9034
9728
7750
8118
3270
5197
6619
7625
2968
8463
8810
5967
8729
2744
3530
2467
3614
7439
7122
374
9870
5034
423
5461
7456
2518
200
9740
5095
1003
566
8369
6225
5516
5786
6327
4165
8025
6799
7634
3124
709
9938
4014
4221
3170
7813
1749
8641
6868
9174
5199
3211
2371
6628
2943
7239
214
8576
7839
3288
4115
4431
5431
8705
6107
272
6078
9187
6729
5429
4931
453
9846
9202
473
9152
900
886
6703
9576
9421
5599
6265
8425
1500
3021
1806
5916
5568
6083
691
7856
5333
1902
3827
9965
6984
7785
2800
2663
3907
1034
785
1870
1049
2427
1761
8879
2816
9776
9457
337
2905
9750
2134
7532
1858
3271
1839
2722
8255
2233
7077
9099
2473
3040
5974
98
7714
5486
2977
3258
1602
3918
5868
3587
3084
1255
1464
1497
3582
5474
7735
750
8391
2441
7307
2601
4169
8611
2277
3312
1038
2052
3143
3574
3284
472
5239
29
933
501
4542
1015
5604
3353
970
972
7931
8158
1360
505
581
5759
6198
2019
456
2581
3877
4035
5991
6281
3764
852
641
2335
4681
8014
1634
3459
8533
8239
3845
1808
9784
6896
2259
7284
208
896
2899
3945
4947
9974
1338
517
278
4711
9931
313
5679
1367
9782
476
2820
9634
1116
408
1900
5742
6193
4469
1395
9999
2217
4621
745
4824
7772
4519
6742
6592
5250
7774
3466
2210
3461
9567
2516
9232
9141
2644
4935
6545
3450
5795
8799
1172
9713
5387
6706
5590
1614
8252
5582
9096
6871
7275
7120
6225
18
9432
984
5009
9315
9660
4429
7922
7067
2981
1406
8806
9652
1584
1414
9730
3412
3184
3351
2809
5249
1940
2472
3311
2210
3408
9153
2058
2678
612
6658
7066
2847
9157
1318
6659
6113
5487
2641
8887
9715
3908
2725
4952
2515
4776
4072
7582
152
8389
2393
8818
8975
6544
6318
5497
8143
6464
9064
4891
54
9864
8063
7397
2890
3286
7306
7978
5472
4516
3730
3118
3837
3894
3374
5465
1008
8637
5210
4053
6274
2900
562
4009
7950
6245
3884
5997
4100
8441
6249
2299
8951
9037
6395
3394
8865
6067
5402
6175
647
9394
166
2525
6671
706
7719
4892
5884
3987
7121
3677
7063
7396
8183
9829
906
9920
6605
4828
478
3932
3212
9417
5355
7800
969
1899
3386
1101
7168
6586
5438
8665
9794
3089
2693
8652
6424
7513
3109
4186
1241
7362
3538
7697
733
2968
6617
2035
1489
9597
7064
2670
4112
6039
278
863
5754
7458
7268
8538
9986
2530
3814
1783
6854
7521
8546
1408
7792
2818
4113
5769
9800
682
8012
3210
801
6461
4772
8903
3389
9411
9215
3600
7355
3346
1253
9870
2277
1868
6334
4776
267
7661
2024
6614
5507
429
473
7336
1600
3486
8530
1581
9972
4664
2145
7873
2551
3293
9340
7450
9782
1299
6544
1456
676
3134
6325
7776
5021
6213
721
4658
9171
818
3224
9453
5862
5990
4251
7305
5441
5862
9443
6411
524
9083
7502
3607
8688
2500
4441
6467
8042
9123
4098
5828
8733
9543
550
5737
9327
5406
6688
6168
811
3386
4591
7530
2502
8107
7620
5020
3558
2939
1129
5127
970
8253
8613
6260
9916
7774
2716
375
5214
4998
6041
2736
3190
3286
4987
2493
1793
5233
921
7629
2976
9143
6946
4021
5506
3083
5212
9837
8185
9833
9300
3312
3215
9315
8523
4054
6907
8570
6192
5482
293
3203
1837
8704
5310
8377
8191
6251
3172
1888
7343
7402
333
6617
6869
5558
3977
4782
5991
2090
3383
1763
3852
395
5715
3030
6856
8536
4758
3702
9659
8746
8998
6602
4927
7332
1036
1361
207
9073
3779
4022
6415
6079
151
3937
1321
2238
2067
2295
3174
910
1377
4529
4107
5291
116
7071
364
8021
9956
7452
6531
9031
1047
5560
3918
8364
8585
3039
9069
3760
1386
7276
6947
1185
504
6189
4764
132
7504
112
6674
4550
1397
7491
6555
4532
416
1810
5992
3540
9844
8174
7219
869
9930
9354
6255
9265
8533
2699
9786
3233
1623
1329
403
4371
990
5269
8776
6298
2613
779
8020
3206
1014
9050
5100
2902
4604
8614
6427
7292
4578
9394
9999
719
5189
94
4414
9293
6405
4846
5844
2425
881
9434
7711
1117
5942
2233
4174
6286
7845
72
7799
4338
9975
4620
3807
6575
8820
634
8159
3584
1597
3414
4384
5727
7193
9136
4573
6068
7760
8426
3195
2657
1710
460
8563
2923
142
2158
5632
4153
7803
4658
5579
496
6548
7112
2140
8746
4001
6095
2036
2283
2578
7419
6990
4986
4407
5999
7800
4648
5780
8561
6752
8532
719
3436
3227
2008
7032
1487
8800
4969
9763
2263
2348
9638
6354
9913
2710
7767
5030
4088
6323
4763
2904
2078
9905
3295
3177
9784
3735
9098
1359
769
9387
7311
8979
4589
6851
8511
9426
7889
9923
9827
4703
4338
5441
7955
3707
2359
1520
7781
2388
2860
2255
2349
3629
2646
1559
7421
9996
3083
6766
6565
5690
7701
3419
804
4921
6884
6273
184
2729
2609
7959
3354
830
1224
5973
5192
5449
7720
707
1862
6308
607
2096
7270
5932
2570
96
4854
6287
8403
4717
3848
5353
8364
4612
9752
9738
2070
9323
4591
642
5321
9202
3723
9600
9820
8769
2471
7295
3674
3786
7640
3418
8764
9696
6099
8090
9594
9237
5073
5673
7076
25
6471
9903
9851
8670
713
5285
5215
6633
3804
3379
1486
4397
5156
4249
3747
4801
2613
2664
5287
3396
5444
5897
7795
3545
5708
4935
4357
6656
3300
3756
678
3425
258
1958
1573
228
5446
4477
1753
5942
1603
8381
2202
8360
2941
812
6014
6112
2960
4017
491
1543
8936
3125
5485
2332
1708
9819
1502
4843
6764
391
4944
130
5401
9785
1979
4348
2795
4193
7018
8904
3170
3526
6555
2099
938
1657
4186
3254
696
6702
8066
2343
8239
5829
7731
3003
9403
9073
3276
4477
3459
4461
6185
8512
3033
2393
7794
513
3076
675
8293
393
7289
2844
6479
7431
1590
1501
8048
5216
675
5282
8111
7269
5580
2740
1834
1312
7230
8979
5635
295
3403
1151
202
1285
4305
7113
5742
9121
4958
7428
9343
312
1042
4728
4105
4105
8430
5944
9774
1857
5734
2382
5032
2893
3421
9738
2287
4886
2713
5221
6849
9458
2400
1729
3705
9186
1950
9693
6776
478
4855
5620
7463
7895
7005
2648
1615
9413
1095
2487
6587
8837
9523
20
3012
1130
5094
1504
9071
8772
908
4857
8601
2424
8296
5813
8225
7158
4363
6885
2805
6295
8800
6984
3015
8521
2949
8364
3597
320
2834
4062
5931
5050
1825
3450
3995
1984
7934
5672
8438
3503
5348
779
9597
6316
9743
6156
6536
3027
2171
1526
5927
3680
6840
9216
1470
3013
4031
7641
1897
8073
516
5057
3136
2555
6377
7494
8161
8790
8919
9478
6213
5646
1492
8674
1662
788
7458
5911
1564
8691
7301
137
151
1631
9915
3878
7948
9450
7500
8455
2973
5328
7144
9840
1581
9006
1192
5388
6907
5959
2797
8908
3574
867
2673
6491
8350
6400
7979
8415
7807
3796
4558
3000
5631
33
9245
6797
4262
7471
9886
1716
7751
5764
6859
3783
5362
2585
1383
113
8327
9223
2730
354
5351
9481
8545
6399
6045
5481
9930
9460
5251
1918
5695
6753
5392
1151
8212
965
8455
5081
6701
4470
3972
6204
2454
6792
4460
9435
4487
8234
5184
8377
3421
4760
812
4512
6028
9253
7563
5503
2776
2071
5787
9248
5986
9476
4559
3623
6750
1940
6845
7963
4638
5621
1053
1235
5384
9328
2401
3590
8280
6241
5395
2528
6751
4273
6958
2248
2759
1557
8258
4947
8086
3778
2123
5770
3294
8278
2085
8955
8225
5748
8561
1276
6263
4138
7437
325
8273
936
6431
9405
1110
9384
5008
7830
9917
1396
4312
5300
3037
4926
4624
1674
3293
6394
9202
8946
9651
9384
4981
517
8820
9279
2592
3969
7218
9773
444
7445
9925
1266
172
6492
4708
3014
3678
7739
6063
634
5208
8156
6270
8047
5399
3794
7950
8290
8122
9895
5323
728
5041
5034
9422
3191
7318
5584
5916
6267
8631
3185
2834
3602
8796
7148
9519
6416
2648
5750
7415
2648
4585
5238
7922
1148
5168
3033
2495
9168
2544
2074
5387
7034
8076
6581
8
7312
2559
5564
5735
7070
6640
9376
3194
886
6688
6288
2520
9152
5227
641
918
905
3279
1461
2963
2953
470
604
9506
7342
7616
2464
8801
7409
5639
3078
6524
8535
4113
5059
9721
3549
2552
6207
3409
4244
7610
3877
7543
9894
9768
4223
6370
827
3810
5287
1814
150
8394
5577
7464
9507
1385
5247
9977
5427
9253
5285
277
1222
795
1232
7782
5704
7743
1844
7102
4012
7371
9860
8098
7766
5147
1578
7054
1440
8676
4284
8793
9353
7689
5747
7011
3019
8711
7989
2853
1721
7140
8293
9812
104
3984
4069
6386
5378
9238
4552
6624
3257
8990
1595
2693
6182
8741
3805
2877
9530
1142
3178
3066
1563
2368
1002
9710
666
7688
323
7465
9068
3451
5522
5306
5682
9656
5679
756
1972
4560
7312
3065
3810
364
3785
2661
9180
6906
3267
6004
6287
8534
4417
2091
9135
7806
9195
9306
7950
8558
5131
9020
9977
9995
5211
5443
2124
2932
2109
9572
658
9088
4938
8765
4785
4431
910
2477
262
7959
1331
8987
6460
8028
1222
7567
5237
9347
4508
5485
2854
5124
2222
9468
6779
464
9417
6807
7670
5116
7644
2165
3091
5909
3702
2320
3605
1841
2155
2584
3733
7652
8614
5410
4
4939
3143
3880
5812
3407
8329
133
8125
8670
4516
1574
4213
7165
5504
5761
7529
3234
1616
8212
621
8169
3446
6097
9534
6117
8847
4711
8539
7151
7728
3013
6232
3516
4122
9052
4046
1081
2614
6097
6045
4377
6728
5491
4514
245
142
2834
9283
2080
7712
9941
8
3933
2208
6237
9691
1324
4381
9702
4600
3519
8521
9336
467
232
3042
8187
7326
4238
5759
8443
5708
235
6546
7830
5001
9424
5796
9607
781
8752
5778
6820
1633
3530
3337
5171
7587
2233
6659
7831
1657
2690
5827
9847
3189
9573
6788
9417
6707
4133
971
8218
2793
8463
8313
3236
8165
8220
9725
8097
547
9697
6127
2759
214
9414
5112
6628
4142
6990
3012
1629
601
4948
9703
8580
1689
2331
5805
2353
8870
2506
7131
8709
1845
9424
9210
8457
4260
680
5473
2638
676
250
6348
5804
8013
8514
2862
3143
1216
2278
7641
1206
7314
2908
8179
1270
4215
6392
2149
9029
589
5188
2173
4202
1044
8041
7938
8918
6383
606
6866
4274
2234
6674
606
338
555
7086
3587
6067
7629
988
1543
2070
9011
1992
2497
987
6627
33
49
7350
5693
8201
8941
1242
9483
2711
5899
7793
8070
3283
4501
7634
3160
703
1457
1776
4839
8071
3076
8079
7692
2379
4943
5453
3070
3409
4862
6269
1544
7707
8962
7041
4528
6366
3571
2394
6945
6723
876
7576
3382
9714
4747
325
8667
6583
4148
3764
48
945
5522
8194
2227
4749
2230
1130
8378
9632
8677
1760
9996
8336
9128
8091
5918
4402
6349
2499
6176
2176
3218
4154
9487
3339
1233
4811
4140
613
3426
7873
767
4074
5649
9272
2099
600
9382
2744
9161
2378
1298
1343
5575
6105
9630
1703
1635
534
5086
7441
7661
6389
4518
3382
1757
9270
8846
2802
539
3182
2848
5798
2690
9564
3323
8032
4233
4301
3902
5628
1331
3088
9267
3774
1084
3747
8946
3740
3352
2593
987
5399
6902
825
8797
151
1349
6020
225
2137
2297
3317
6580
4058
838
622
679
7556
148
2257
7251
7124
1313
5900
6064
820
7686
8339
8010
673
2114
6621
7019
611
4187
2499
6186
9962
5296
9725
4750
6166
7724
5719
3711
1188
269
1403
1734
2302
6975
5577
9774
9411
7395
3134
2349
7889
6560
9591
5766
8029
297
7974
8780
9633
6873
7900
9105
2998
9095
880
46
5639
1900
305
5056
7441
9293
9364
4508
5614
987
5233
8138
4821
3553
3266
8704
7168
3044
640
7228
1335
6071
4927
7867
99
4157
9404
948
699
1791
3563
5966
3091
2087
4250
2463
6983
5183
122
5644
9730
3624
9733
5259
3666
5802
1408
881
3258
3291
1333
4029
9569
365
4774
7748
1979
4351
4191
7262
4829
3572
7167
1093
9722
5616
6527
621
2589
2388
4803
7527
8293
15
5283
2734
4558
1022
2287
7543
1308
3416
4029
7489
1105
6328
2437
2130
1341
4660
5661
9430
9052
5851
622
1732
4787
299
4949
1364
2844
3247
9898
7902
1361
9
8456
5777
7232
8305
5725
508
7648
1150
1881
4161
2160
1291
1564
5827
6610
3454
7349
852
3005
3854
9132
3402
7476
7322
5709
481
1837
1201
9613
1995
2916
1695
1355
646
7867
2786
4612
7496
2926
9987
9632
3894
7745
1234
8136
8130
7329
5050
9344
5626
8866
1713
3398
4833
1304
6650
5422
7020
1358
6506
729
7131
875
7430
9280
4576
6911
1988
5391
7370
7744
5834
6903
388
5108
7743
6568
8676
5414
6977
7199
9733
432
47
1346
4460
991
4922
5664
5095
5601
4447
9949
9851
9596
2363
896
8211
9400
4653
1032
7884
787
6166
3989
4249
9682
7479
8316
5819
8920
9760
3355
4714
4686
6058
2362
9415
1850
5858
18
8195
8351
6050
3756
5535
4894
5465
896
536
7782
2083
6513
5922
9465
1671
141
8547
3533
4136
2977
7495
8298
9195
1051
3854
5871
6109
4011
7021
1670
3155
3607
5988
2692
1294
762
521
1546
3047
5169
6307
7242
1979
6797
247
3044
404
4368
6875
6309
2906
1894
4594
5153
1117
742
865
2065
820
1273
8789
5101
5887
5143
3627
3198
4825
6567
6719
3301
4790
8464
5986
3516
4776
7314
6741
8280
4436
8719
3901
8684
7443
4261
6830
3507
8684
9014
1064
4249
2654
8269
6911
540
6408
1463
3560
630
4169
1108
8737
5393
2271
4561
8167
3224
2486
6932
6153
7555
9003
4079
8427
8308
9323
5722
1108
3557
2148
3
5059
7883
6002
2488
3253
9513
752
4572
9834
9136
445
8515
3495
9546
9986
8930
4515
6683
27
3443
4340
9512
4161
8458
8948
8253
11
9481
2393
7933
1130
9308
4925
6975
9774
1520
849
8564
1532
1183
4903
5949
1576
9464
2346
1490
8876
3901
7190
3236
9071
1540
5013
2191
8931
7784
1704
7958
5318
9899
7082
464
9398
408
2894
656
2486
2278
7899
3635
3340
4760
8933
3581
8004
6029
5697
963
2353
6332
8784
9070
4375
3291
4981
8660
7952
9190
1238
6682
2369
8602
8870
7430
2140
3577
2526
2250
9845
2731
4256
6956
649
57
1611
4520
904
9038
124
4229
4826
7769
4753
7539
2622
1124
1893
5153
631
6811
3456
9445
9066
3083
7121
1327
5740
7302
2401
847
4843
6134
427
6424
8215
157
6449
8433
2893
7926
7996
9080
2725
7117
8342
1989
3757
3300
4487
1703
2795
68
1181
5481
6045
7806
7735
7123
56
2199
2294
5378
340
7751
9065
7493
3972
6021
7594
1855
1246
3085
9588
2353
8026
5806
8026
1075
4826
1895
5327
5280
838
4466
2207
9181
1147
7807
6520
1023
3190
7426
1857
1182
4153
4088
8959
7554
4436
8519
9129
394
3606
724
7707
9934
4278
5454
7434
6591
6315
3277
6054
5421
8374
4880
9861
3541
6374
4803
5061
1724
8769
9602
1805
9084
6644
4620
1536
2824
2608
2978
6888
3424
6202
215
4806
9270
5128
8034
7784
3784
986
1084
5127
2367
5387
1347
6057
6110
7357
5789
9085
4176
5716
4223
7594
6961
809
6019
9848
7729
8367
6220
2753
1281
4556
3953
2607
4379
5347
8543
2815
4182
5214
1705
8066
7698
9881
7359
6851
7438
5314
4146
9336
5843
528
9576
5603
3821
4865
8884
71
6788
1379
6104
1470
4964
6701
9706
4216
3361
4351
162
6217
914
2829
2256
199
7470
2030
653
502
2024
1518
3242
4938
5461
2051
3156
1816
6369
7337
6968
5494
8999
6489
3567
9947
8332
8889
5471
8744
8405
2233
1929
1563
6530
1450
1060
1904
7844
828
6500
8023
1758
4257
2539
9271
4299
8756
583
3005
8085
4647
8907
3020
4722
1629
7163
9069
2797
3807
6822
8430
8299
8286
8900
4744
3331
1324
624
6354
3227
3243
3500
6242
1875
8295
6193
8333
9920
8511
7015
408
791
1203
2450
2155
5067
8214
108
7997
4526
1291
6772
8251
3444
2024
4816
8894
6181
6664
3118
9761
6901
5862
1868
3358
9399
6840
4157
1615
2437
861
1070
5915
8727
1983
1185
6501
3775
4041
9817
980
4136
1535
8119
8053
3357
6713
7272
1827
7838
9488
8356
4120
4163
9046
4231
6997
4089
6004
5788
5468
3276
1799
1234
748
5123
7628
3769
7757
1606
8695
9949
6659
8892
808
8304
7158
6687
5397
5379
5968
6770
5955
4270
2453
7956
3575
8914
4766
1888
1763
5949
8970
6434
1047
4784
6642
1267
2025
5656
2206
3221
1445
4944
9875
7403
9663
6761
1494
3721
9416
9931
782
7481
5204
9894
6555
7007
9806
5732
7315
873
9426
3611
2298
2242
1824
9200
9526
8084
2399
3325
9713
6570
1643
7066
5975
6822
3652
4774
3204
1396
9439
6074
7707
3333
692
836
7233
6459
9317
4284
3890
9695
5594
2959
7597
3618
3129
6083
5706
203
1899
1011
5217
4772
1632
5945
7616
2539
6541
7829
2776
805
8987
8467
7589
1867
4032
7262
7058
1004
9060
4739
390
8534
2623
6993
2347
4836
4511
7569
547
2531
4685
9931
2728
505
2136
615
4079
382
6018
468
3651
7212
456
8953
608
2623
1328
4373
5602
526
8010
1134
9925
2541
5587
3633
5234
2777
3345
5248
9653
9326
3517
14
1819
2887
169
4058
3068
1314
1909
3641
9352
2558
3646
6722
8711
7470
2018
5382
7185
8226
6318
7157
5870
7788
1743
4323
4519
694
4612
1577
2550
5769
9844
4126
6618
6864
9431
244
5020
8628
6892
4560
3095
474
6785
976
549
3418
208
6994
1122
1263
6959
4443
7427
9715
2492
5134
8907
4471
3168
3796
8868
2034
6389
4804
7309
5091
3209
3672
9910
7646
9707
9055
9915
3785
53
6101
8901
7950
8512
7383
4460
3885
9882
3365
7673
4075
7842
366
915
1381
8523
349
7020
9864
2241
3483
4118
2319
9778
1411
6562
7915
869
6424
1280
4527
1609
9324
610
6836
4388
6674
7229
3068
8663
6323
4125
384
3369
8654
2742
1346
2117
9793
5387
1640
437
2219
3813
2280
303
7639
4450
7906
884
6788
2212
6452
6115
888
9014
4462
8978
9916
183
6646
9655
3537
1794
7867
9686
1570
4639
701
7092
2218
5997
1956
8057
7925
8695
7072
9234
689
8007
2211
960
946
907
38
5765
6710
8878
6648
8443
2566
5045
3950
3634
1335
8739
3905
4400
4727
5776
8447
571
3164
710
1689
8805
9096
8095
9040
7214
2585
3434
1238
6218
2727
854
1
3805
3553
3825
5970
7804
8464
7250
8940
9955
2948
4125
4984
6575
1382
7615
5015
8433
34
9893
4573
8102
5038
2365
5167
6473
1085
8003
3410
1409
3842
5453
5303
563
6691
6266
9586
7279
314
1191
5840
3200
1797
8784
140
3699
8540
9775
3527
2585
1011
3611
6268
672
7596
9372
3955
8731
4224
1864
9864
9122
1240
5134
1663
1970
72
9836
9557
1119
2658
7962
7274
2328
7288
8263
6907
1143
5557
8401
3552
740
6475
5301
5938
629
5382
3497
4808
5598
7350
2354
1644
502
6961
6976
6565
591
8986
4321
5664
8949
7362
5600
4901
2326
3099
8389
9766
4128
5246
7038
7366
8694
2918
7956
319
4066
505
7123
9921
1476
2669
803
9403
8459
489
6831
6771
9146
5231
3092
739
9603
1588
1834
2547
8358
7976
3320
1090
2183
7476
9995
8717
5097
9361
2808
290
4144
7802
4635
8662
8956
1288
1838
5595
3383
3607
3934
8326
6535
4779
3037
8482
7464
8273
9326
1844
2420
9018
6107
4590
6110
5279
8218
4077
8733
6270
509
9951
8678
6558
8907
4459
6723
7748
5194
9178
1355
7746
8031
9071
6368
7944
6991
3782
1300
9112
3415
360
2483
7472
1744
1268
7449
3452
7655
6408
8293
6970
4810
8188
223
4743
304
4181
9950
7074
17
2807
4863
3845
8993
3654
7985
2042
8669
5542
5604
33
2362
2238
4151
7025
2729
7858
437
9662
129
1420
4649
1563
8748
2754
8668
5739
8169
28
3206
4311
1671
2533
6010
4699
8935
1036
9986
6563
98
2004
4429
9175
93
1329
4805
4590
7121
7777
6474
8048
6706
6329
5632
3343
3322
6831
6318
7564
4824
3909
5849
6566
1047
1
2234
9816
6840
4503
6252
837
1546
8563
7731
7370
1447
6826
257
3602
9094
4571
1086
5324
3561
1119
3307
7714
8678
8110
5486
4605
2058
4335
9934
7548
6367
7144
4513
2770
5672
4176
4475
4195
3957
8098
200
1117
9914
1399
3902
9806
1996
7862
3384
9385
354
2299
3747
3604
7790
363
8576
1845
125
5796
604
4612
7494
3385
8082
1052
2000
2020
7179
8640
3881
3789
2604
8064
7884
1831
8362
9552
3904
1795
8032
409
1091
9168
9310
7380
2642
7508
677
1592
9237
651
9001
8298
2734
5331
5649
8426
8112
9354
5248
4008
904
4440
5623
4985
9389
2154
9643
579
5681
5988
9705
4459
7501
2567
3413
9267
2907
191
4646
2705
3556
3510
7658
4370
8146
8969
3101
9782
6641
6861
3951
5641
7584
2303
6188
8260
5348
9277
3782
5313
1534
8976
57
9590
4897
6148
7808
2263
7133
4852
8699
2327
7694
8120
8402
8362
9348
4368
7721
8489
7678
7096
1468
4547
1879
3399
6321
6850
1310
1130
5999
6654
2069
4159
7180
4450
553
124
2358
3552
6422
5298
6495
111
5700
6749
2758
2613
5824
2873
8900
6250
8394
9500
9914
68
2079
342
4470
7780
7700
7293
2345
6270
9848
8250
7567
9383
4568
7538
7311
8426
610
6777
9731
4946
2559
2074
4843
5816
7729
6802
1351
5452
5159
7904
8863
5046
4238
7656
9347
4114
2561
2131
3855
5383
7446
2222
578
35
3237
3015
8077
6696
6953
2549
3221
4191
8184
1558
6772
5049
5196
1644
821
4026
8161
544
1379
3491
2109
9605
6267
5437
6800
431
3198
8067
8008
4756
5400
3456
4920
4027
2501
1609
1306
2960
2490
5400
3911
4344
6553
325
146
759
2303
2791
8523
2568
2534
742
9568
509
5988
828
1930
5536
3825
7032
8304
8186
512
6703
8411
4651
642
1265
1803
7012
3861
550
1494
634
8495
1627
588
2569
750
5318
7927
1046
441
6139
5554
7570
6044
4344
319
9979
1622
1920
4288
6950
5643
7944
3807
1828
7045
2534
5042
6436
7041
2772
4596
3574
6099
8453
7434
260
4288
274
728
2481
9773
8185
1495
6191
4587
2998
7926
8617
9060
94
9152
8533
6244
63
5877
4123
5519
7469
4766
2264
210
5578
2787
3643
7466
1854
3798
3981
9929
6285
8576
2817
7790
2212
1242
7803
6722
7232
9552
4268
1844
9930
3887
6917
440
6762
9932
2988
6408
2224
3042
3904
7609
4589
8036
5532
3195
8977
6808
5534
1781
9279
7535
9949
2869
551
3500
182
3347
3904
6583
5845
8065
6605
332
8528
8504
1163
192
6516
6374
8470
3946
707
9627
1764
3703
7534
6781
105
1907
5579
1767
2349
7701
8735
5522
5192
6761
275
2491
1757
7231
8991
9849
394
6740
682
4809
6915
660
5704
665
7310
9742
6044
5391
2130
6040
3424
7519
8198
9669
3327
2831
8100
5322
8503
1928
2957
6733
9518
3151
9408
9281
9211
7509
7453
5827
2534
2299
1795
8485
3215
7894
5699
9565
3878
7852
3008
8177
6848
5901
935
5094
8737
4655
3508
7418
3063
9953
3157
6273
1666
1627
5816
5335
7510
6194
3118
5333
8523
9449
3812
9834
4633
7313
5351
604
7831
1372
5745
6621
8204
1521
5255
9423
7217
1873
7267
8896
3214
7679
7769
7819
3107
367
3269
554
8528
5039
7690
1076
4324
9727
9812
8262
2226
8590
4166
1780
2763
1816
9937
251
4031
3470
4396
4444
6817
4780
9648
2175
1758
4428
4092
8323
5689
9299
2858
2905
1173
8817
4731
2513
5287
3558
6580
5582
1204
4084
138
9930
8842
9135
164
1807
8890
3240
7438
9292
7928
2545
4851
9302
1004
4289
9919
6679
2040
9669
2455
5902
1755
2090
1850
788
7392
2788
4443
5228
8481
3618
7775
8489
8112
2457
5213
1889
9749
122
1343
9765
5481
8930
5857
6570
2784
2141
1202
3656
3392
382
7195
3855
9624
5856
3997
9300
695
7645
3373
8133
3932
1757
7012
8672
3573
7673
9809
5450
2873
9110
5498
124
3639
495
1783
1641
959
2179
2216
4334
9903
6840
2453
9607
5301
6701
9254
6751
5270
6200
1596
1091
4156
7585
4632
3151
746
7527
8846
789
3199
1298
8752
7400
3002
7316
7735
3159
6427
8940
8227
3027
3478
2276
9321
4786
1115
8452
7125
2705
9663
6336
6688
7630
8732
6973
8176
2244
1750
4202
4109
1045
6231
6782
8962
8206
298
6196
7161
2878
4639
828
656
724
3091
1593
2587
2542
4339
6325
9328
5646
1834
205
9183
1380
8981
7365
2362
2591
1872
4409
3510
8192
2419
57
5029
8037
583
6378
6707
271
5603
6141
4749
5014
2611
7707
1215
2797
2821
3573
3085
3533
2608
1194
8675
1940
9226
5044
8003
8339
8641
6975
2810
9534
4045
7925
1444
3080
1936
7759
3568
9658
6396
1595
9738
2519
1120
379
1324
9985
3122
641
6913
6860
1621
3388
2423
3253
551
4913
3419
4820
3399
2929
9852
6698
4606
9888
5324
4522
2661
1601
5340
9819
6174
3346
1511
3828
5736
7553
1662
3299
1150
6815
8918
4206
5766
3530
6451
4468
7062
2767
8356
4736
5371
8092
1288
7128
703
1050
5959
5352
977
3744
2378
6116
3682
524
7776
927
6938
9199
1591
9432
5293
4370
7579
299
141
5487
9157
3314
4643
71
400
6840
8244
8164
1806
8079
6423
7522
6845
9673
7224
323
2647
5112
7260
1249
5726
7131
6386
3645
1560
7826
2057
5223
5049
6567
1497
7211
7411
1968
2222
1235
3895
7117
9231
6314
5863
3113
222
4314
233
4505
8553
5975
9075
1690
7360
1162
2208
9514
7241
6419
6086
8409
4197
83
2936
4199
4187
204
5162
5423
5524
3388
1356
2464
649
3262
1906
1089
4314
5745
4166
4093
6125
4555
9407
8671
1550
4449
6387
3844
6993
1585
9233
1848
1355
100
601
9698
8607
1478
4542
2359
3337
8655
7389
6875
3991
9875
9109
7662
6553
8336
2019
6713
4812
2349
8561
8935
2024
7367
4912
2011
2780
5582
2590
2284
3194
1017
5946
2940
2150
8021
9465
8510
6267
8929
5105
122
6495
2249
6597
9275
4819
6214
4543
3980
5391
3786
3476
37
5615
4268
9585
1962
9208
3560
5749
2584
5031
9819
8706
7729
2651
3756
1735
2534
7999
3153
5034
8932
217
9297
5172
9653
3900
9010
4405
2653
9238
9652
471
1332
6303
6125
7520
128
8679
8219
9282
2079
5973
3885
6239
4856
4333
9009
9649
4383
9059
7087
6545
677
3607
2842
1547
8797
4881
2262
3227
8941
5535
7800
5095
3588
223
1557
3818
6363
4207
1148
224
6814
9552
2637
1818
7653
6255
2466
9098
6173
3071
5590
1759
9546
5576
198
5072
4478
7025
314
1131
5314
957
6367
4483
1107
3179
357
6725
1367
4745
6662
47
2286
6861
1692
5422
51
3258
5642
7172
5549
5518
7395
1967
5237
2074
9264
6963
6232
2162
1718
8775
9805
1874
9485
2208
6346
648
9514
5305
6625
3005
8139
5142
8692
2186
9508
7025
7136
9418
9838
8266
1558
5003
2378
6543
4128
5157
6107
2029
1853
1569
7129
1899
7817
9051
5492
5635
7034
296
1739
9599
6833
5781
6859
9793
8674
1142
6542
2392
8208
3984
5609
2678
3017
7006
1341
4365
2967
4560
5054
2901
6390
5356
9714
8363
6433
4837
7650
5773
5794
6983
6491
3296
4835
6769
3340
1662
7558
1307
6893
1363
2333
9834
4724
7718
9383
144
8285
7725
5050
1775
1277
6762
3637
4355
8044
7687
1219
2871
7350
9631
2258
276
3505
8900
9050
1896
1181
9761
6106
5360
2456
8650
6405
4417
4629
1308
4118
4935
5181
8751
8903
6614
5881
4576
129
4500
1501
3095
5534
276
9834
5071
7689
4456
8812
5389
3405
7132
3392
4935
5751
6711
9573
7125
5697
3200
5411
8086
566
5052
9252
8319
9462
6290
3496
2813
1637
3712
8175
6057
2333
2352
2400
8159
2099
1029
3268
8390
9768
8823
1241
2839
6349
7640
8181
3612
6924
5620
9260
8011
313
1087
2746
7469
1761
6983
2357
7681
2162
1286
5262
3324
8476
9783
5119
3023
3869
3737
3580
2838
2879
6503
5582
9414
6420
9928
3465
7178
3793
3528
2432
7467
4064
6809
5209
1323
7103
7916
6900
1853
5428
9775
1971
6475
1535
8322
4050
4202
1868
6066
5828
8145
7781
8225
701
8871
5890
7997
5
9924
5066
2133
9712
2862
5006
7923
8262
5501
1753
7926
2846
3694
8876
9374
4919
3956
9098
1000
6946
1502
72
1257
1495
5867
9753
8379
652
4165
1338
4537
8430
274
5112
3458
1379
6738
4683
3331
2878
5035
8111
4536
4788
8993
159
4807
6033
5619
579
2815
1472
7349
4681
4813
5987
9867
6738
8014
8090
9975
3742
8648
4567
8769
6964
2278
2663
6369
1360
8893
9155
5786
8398
5527
6281
5191
6137
4708
2952
9766
1521
7932
5920
6643
3744
9513
9663
8984
4279
7662
5616
8183
8716
6471
1089
6359
7879
4573
5716
4868
895
3684
8594
8363
838
3011
2430
8105
4370
3508
1923
2689
408
9383
2414
9109
9270
2919
1357
2198
2950
2658
9610
5851
9262
4325
1670
5188
7391
8473
4067
4789
106
8755
8871
4532
8337
5
4974
1162
7110
5821
3208
711
7965
1260
2630
4155
1854
7387
4408
6293
8286
965
6570
5703
1011
4340
7632
1891
7870
7708
9591
4229
2643
8394
1114
6139
9664
9497
9882
7124
7801
3327
8977
4726
8971
3413
6007
8223
7792
2575
5180
6029
3213
3495
1953
9097
9964
2590
7096
3383
7578
7549
1968
5437
7355
3882
9681
6522
3138
6028
7430
2320
67
4156
3714
7241
6558
8651
459
4640
8705
455
4089
6803
2985
6932
1507
1511
2742
9733
6634
5149
6225
3264
649
5911
9160
9759
4431
4431
2805
9754
4799
3369
9208
4775
7116
1918
9027
2435
5587
5976
3650
2822
9131
9818
2611
9050
5114
516
9326
4142
5416
2037
3025
1058
9315
2005
2414
2577
5501
437
7119
3026
1156
6414
6198
4371
9491
5614
9148
5075
8394
8895
3747
1302
1905
9747
6787
6542
3125
6259
8303
7540
1864
1547
7254
1523
2844
5031
6779
2164
583
5855
129
9459
5246
8849
4174
1738
9661
2919
5968
6433
1498
1511
9295
9864
6140
4899
2332
5339
5200
4436
4609
3135
2802
9623
1309
5586
6771
9864
5594
5384
4698
4157
5153
5503
5478
3545
7431
4658
5363
3204
9118
3113
3842
3236
9390
9831
8717
9887
3113
3430
1644
1777
9774
6257
5103
8944
6259
2954
9252
6047
6745
2392
2471
4888
967
4519
2513
5582
2919
1789
6147
156
5621
8163
3911
7140
4047
7383
3197
793
7482
6189
7245
4017
4664
7488
9843
9716
9905
3066
5527
1389
6029
5401
2906
83
483
3348
4352
1473
4234
7049
8776
3819
9197
3272
5442
4800
8817
3577
5850
2833
8205
4194
7615
6383
4730
8302
8949
2961
7337
8534
4883
8074
3029
9935
6665
3182
1928
1385
3923
900
8116
6500
5129
5142
2070
3463
5635
3657
1905
6848
4171
525
4896
3548
8022
6564
7748
9197
4352
6309
3990
1093
116
1261
9480
8594
5838
445
2533
2150
9173
934
3438
7734
2600
3010
9274
4296
5873
6866
3794
8023
7915
353
8944
8707
4735
198
4063
328
9635
2289
1200
51
9494
190
140
7311
6223
4872
4707
7362
5650
2769
2704
1757
7000
3793
5461
1563
4927
5651
9357
7829
2616
5934
950
7796
8855
8843
9335
4648
4185
9120
4261
3232
1221
1785
6156
4109
2098
2614
4723
3509
1595
948
6042
7372
7955
3383
4206
3482
4674
4160
2484
6906
5615
5684
655
435
2659
459
9784
3534
9842
4004
2982
426
400
6755
936
369
3499
1894
3900
923
5528
5095
7697
8068
6805
1736
9818
5400
8307
6818
3194
8312
4587
2984
9375
8059
8433
2389
9930
4931
48
8911
4744
9335
8494
8201
8518
4582
5994
4417
2282
5349
6336
4138
5027
1401
7009
9913
1638
6987
1051
8176
7261
2535
8562
8845
4927
6743
9813
6830
2842
3978
1505
8879
56
4019
5289
2718
4438
8611
2958
9293
4820
2021
5862
3043
9997
880
7045
9623
856
1932
3371
5273
8325
5006
1454
7078
9067
2522
5620
8821
2878
6150
8313
2795
611
5848
3361
3998
9100
6453
350
9448
55
2231
3993
2037
3172
354
5805
5259
9809
145
6690
2481
2520
6102
8085
1954
7419
9213
6202
6714
934
2889
8633
6696
9844
6944
5033
8933
3644
5497
3987
541
1301
2402
6246
8342
211
890
500
8444
3793
2448
1600
8863
5586
3661
2710
8373
1904
8739
2269
5156
2183
9738
3828
9552
5987
6131
1842
6222
8316
281
9319
2380
323
5662
3857
401
862
168
7060
5070
5366
7778
8573
8029
2492
7991
45
4532
5676
3951
6231
567
6320
6980
119
1560
7628
7381
6501
7470
3337
8759
3707
2841
3520
5916
6370
4605
457
4356
3034
4839
1160
2880
1177
481
9553
9378
8789
7088
552
3949
6036
9117
311
2768
2731
4938
1766
762
7359
795
2273
1053
1195
4279
608
4415
6722
4524
3904
2501
2988
3303
1180
4507
1786
8477
9052
8097
7651
8825
6942
1905
1509
7208
3631
8763
2549
7210
4368
5887
5369
6929
7902
718
9787
2448
5801
8832
8836
2635
2183
3410
6410
6409
618
4117
9796
3376
6357
6921
3874
8820
6284
5386
3189
4450
6013
8265
5263
7002
3424
7857
3548
7823
586
8498
1225
7916
1492
4833
7701
4550
1338
5039
8106
7535
4153
5068
2335
5495
9539
6132
4264
5108
5971
9174
3666
9138
7687
6855
3021
2330
4507
5713
8939
7750
9136
8590
3258
9977
4435
148
1968
5744
3974
6373
1104
7033
2766
2318
7477
6465
1494
1030
8711
9852
6788
592
1423
6233
2129
5520
8578
1394
8828
3379
7074
6909
4188
7399
4423
3077
4427
1147
9034
784
3249
1814
2051
4272
3036
4621
9955
4080
4560
1942
6217
7004
2839
7322
7167
7842
1303
6297
1950
5866
3791
3111
8942
7528
4063
4803
1320
5717
5487
1906
2629
5058
9368
8064
9115
2176
8956
9223
9375
9651
7638
6734
3421
2473
3982
7730
2672
6193
3405
401
9559
6683
6052
1448
443
2467
3144
7907
8383
1880
9544
5786
2905
9004
8579
3512
2388
4265
6236
9063
927
7863
5809
5818
5624
6792
758
3689
2118
9113
3108
8864
5888
2335
7075
7651
4360
6323
2741
7307
161
4941
2611
9500
9026
4837
4665
116
6780
4201
9107
2467
8598
9127
2456
9664
315
283
1825
5897
5923
8011
4305
5667
7628
9662
1189
4659
4813
9033
4462
5850
6088
4085
3473
9691
4251
5777
2942
7789
7425
7822
9633
5345
887
4431
3877
8809
3195
723
3888
1705
7086
8354
5355
3376
331
7138
6141
2530
4231
1976
6082
9890
7764
3222
4862
1996
3528
7781
6746
1284
7581
7687
9514
5890
9015
2696
6414
6364
6703
3510
4131
5434
23
2644
6823
1278
7559
667
6160
4392
2808
6578
9909
3050
8726
2406
7147
2627
3578
3768
6434
9580
9027
117
4391
1776
7640
630
6064
3031
1044
4330
5149
1202
1906
5898
1731
6014
2534
1872
7506
4887
468
5417
3658
2484
6725
1745
4509
2437
5480
348
877
7763
4967
4736
660
9853
8068
5080
599
4604
7710
4320
2379
8242
6499
3629
8294
4713
2290
8887
6532
1122
1330
5823
3817
7633
8501
7824
3623
3495
9768
7054
1449
1414
5426
6509
4770
8345
3970
7885
4191
1986
5507
7740
4034
8727
498
2319
5172
630
4322
9646
237
6114
666
5983
1518
1486
7059
2616
4845
8159
4010
8063
8528
3495
5157
287
5035
1548
9590
3233
4523
3693
9083
2132
3530
8092
2366
2401
9209
1276
5737
7676
9326
4736
4370
3547
903
4341
1445
4900
5888
646
2900
6435
485
3728
4034
7848
5938
7026
459
7509
2415
869
9951
990
4422
7854
3674
3740
5678
9058
4904
389
3763
2168
916
6726
9998
63
9019
4179
8005
1104
845
831
5183
486
9959
7432
4940
5310
6610
1653
3940
4791
12
8927
7833
937
2939
3604
1026
4410
5606
9868
832
4842
5824
7901
4077
4845
233
7089
4673
2189
7053
4750
3964
5174
4256
5791
1785
2095
8290
6013
5041
6882
7586
9337
2389
9494
1957
7151
8119
1431
3687
6164
5688
3888
8621
9724
1535
8468
5904
6325
2771
8131
3121
8250
8152
9116
9578
2722
307
2933
4172
7696
8656
1221
5933
4565
6645
5228
4648
401
3983
6014
6205
3085
4420
1083
2303
3723
2254
8060
6991
2048
6267
6311
3125
2185
8040
2937
302
8114
2736
439
2068
424
4331
9550
4281
8570
4021
2214
8388
5719
53
6490
3083
6483
9602
7300
5303
1402
8477
4354
6872
5806
2393
1330
6202
4925
4387
8451
5432
1485
6505
3978
2143
6886
345
8785
1348
2094
235
2222
7850
9790
4911
6751
1256
5053
8354
3451
5946
7848
8170
453
6115
6951
330
1583
1644
1590
2411
3045
3999
4024
3559
1872
2628
3593
8322
1026
1373
324
3229
2542
1341
4101
9536
1897
1326
3616
2896
3936
9419
7834
898
3083
9756
1550
2392
8332
6483
5777
8287
6560
2963
3135
2158
6089
8030
8231
357
6070
2634
3062
5606
6300
9640
7916
5045
6361
6709
8915
3604
2594
7230
4421
6191
6359
7076
3806
7702
7275
5579
3788
8135
682
7608
9474
1185
9446
9848
9512
8633
6412
8481
7390
9557
5285
7335
3756
2936
4549
5285
7904
4570
1143
9174
63
4411
8040
3873
9968
8381
2623
4209
1359
9520
820
4448
6489
6953
5303
9786
9532
7536
4766
856
2835
4299
5271
6664
5380
7837
3974
3552
8541
1656
135
7789
210
127
8292
7239
4757
8220
3669
3154
2889
5440
499
6627
2469
2513
9763
5463
8622
8281
4065
6319
9033
5998
3839
3848
8259
2745
889
3273
3075
3051
2398
5330
9411
7978
946
2836
271
3873
3860
6286
3166
828
8236
1816
5074
9457
6365
8630
2699
6026
9977
4578
5901
210
696
7933
2557
6771
8425
628
3841
2329
8983
3220
9918
1046
7257
4670
7408
8527
2371
659
1601
1537
6931
2615
8385
2227
3287
5877
3126
9494
5912
9508
6297
6806
501
2126
8611
5388
7220
7863
1550
4003
7616
4022
2790
1724
2169
7369
9780
8094
8176
9093
8949
5843
5748
9454
2442
4924
3039
1853
9059
3089
533
2680
1190
7404
8188
7634
4904
3171
8561
7442
6080
1584
3641
5898
1496
5083
3066
954
128
9886
6622
5266
6545
8432
4502
5994
5281
608
4660
4974
2304
1520
7764
9387
7324
5305
6785
9999
8552
9043
14
8697
9764
8138
3469
9570
8018
4748
1039
8119
9239
3798
8498
1296
8027
6899
545
7026
7483
3113
8419
5636
4672
6914
9302
7166
7384
7922
7736
7942
8275
4018
3560
6978
3187
9339
525
7789
1454
1257
4644
4004
7365
5991
1613
7836
3567
739
8147
8871
9207
1345
3009
6931
7827
8442
9626
6828
2662
1709
3728
4693
9878
1446
6230
5303
3471
9030
3693
7290
9126
2939
6160
8469
8131
5075
4860
6657
6599
2844
382
2281
9738
6097
5245
7858
5644
4432
3504
5978
8226
9597
4009
1834
4231
9759
3239
8509
5070
7278
8270
3261
177
9278
349
873
4960
784
4796
5737
3049
3493
3515
7841
9521
9348
2262
9033
9062
6992
6009
5046
581
925
2211
5638
7746
7709
3621
9902
3059
929
9403
6305
1678
6784
5718
7346
9984
5166
4711
6850
3058
6853
3884
3867
4709
6077
6213
910
3436
9127
5023
5809
7839
3869
6673
5903
5356
2120
8366
409
8927
6667
8048
1900
7232
7364
8278
568
5460
6260
6198
5652
5220
9963
7287
6808
4198
8562
1462
4483
8392
4359
6247
2416
2383
375
3263
7289
5993
8128
1051
226
8865
6570
9406
2364
8077
9185
7801
2040
7688
4278
3230
4272
3302
4240
866
4145
9174
3193
4287
4508
180
8848
717
4915
6034
3591
701
3164
566
1923
977
2969
4560
6166
3878
1317
6687
52
6584
6863
3427
288
8730
6395
5475
9462
7490
9792
5147
9777
5075
5213
6526
6006
4805
5279
7715
7799
8381
1931
2444
5999
8804
2326
6484
4989
510
646
2880
3268
705
1013
8808
7393
3642
4856
6046
271
2642
1998
6498
3341
3016
8508
3989
3623
2735
5928
3622
847
6689
5874
425
6891
4684
1206
9686
9639
2939
9965
2418
6010
3786
1112
754
4416
8504
1722
9681
5161
3803
3744
3518
8443
3306
4702
7810
3480
1592
759
9883
9078
9835
2493
4227
5428
8899
3388
2083
9334
7842
8580
8111
196
3250
6710
893
2079
7522
883
8137
7977
2337
5647
1948
5977
6840
5712
4271
3471
8827
8667
7729
4763
1165
8341
2454
9467
4991
7676
5250
3969
5882
9950
3424
5851
9082
5057
1976
1688
5142
3142
9490
1903
7876
1357
5019
2480
2411
782
5543
2224
2275
9574
1161
6035
988
5365
3085
9146
5401
4543
7714
4675
5156
8652
8574
6982
5090
8377
6791
6309
5118
3796
9863
5964
5203
5461
7999
1938
1407
4687
7042
6215
2656
2953
7109
9318
6901
9737
6446
4622
9602
5287
739
6871
7142
9842
9140
9943
2664
3646
9582
4455
2091
2732
7656
4013
3639
3880
5226
93
5007
8455
7284
9392
8592
8851
8108
4258
6604
3203
690
6320
4734
3680
6625
5822
5146
1220
7162
4305
7031
4867
9962
6266
5654
7009
271
6229
8927
6772
9655
1250
3882
2573
237
5292
4111
1419
7454
1158
3230
6910
9777
7671
8739
115
9492
4700
5252
7491
4747
6225
6025
7843
9329
2188
6933
5949
3344
3110
7616
3930
4897
7583
389
2705
171
1660
8662
4934
6878
905
3161
7750
3951
364
5994
8260
8575
5133
9763
7328
173
4315
1336
7457
9787
4161
7649
8724
2473
1970
3947
2685
9758
941
3266
7899
9021
7569
9620
2325
6708
7408
6354
7196
2719
2083
5450
4208
4013
269
3155
2836
6489
8014
2277
7441
5555
9291
1699
4442
7443
5925
9236
8303
5283
7159
4837
1307
6229
3039
7300
6199
8533
2522
9163
2641
330
6756
1261
8127
5143
328
520
1515
2622
8453
2042
2657
6887
6043
9225
4739
8961
5399
3761
6891
4296
2857
701
3393
1106
1153
2462
2367
377
3485
9660
1234
3754
7295
5924
8408
1286
660
8516
720
6980
1825
6462
3872
6487
2912
3184
8864
7879
2106
1146
790
3441
4753
1934
7646
7683
2684
6327
5868
4355
2850
5456
6220
3156
845
5910
8320
5043
2302
8811
4629
3553
5258
5272
5028
8427
9612
8424
1265
6923
5555
5245
6482
7723
1467
9786
8795
2061
3205
3081
9494
6846
911
4028
5775
4883
6523
9802
5157
8083
5033
4034
3701
520
5177
5862
3024
9559
755
3253
1684
4926
2036
9526
4985
7548
7829
2875
3521
2272
2714
4887
4817
1157
642
5536
4350
6933
5667
8927
1888
9436
2935
6221
6641
1351
8182
9546
9988
3436
2032
3516
7736
3551
6117
8959
4759
8266
1683
6889
3670
624
7751
9395
5715
2689
5122
8148
6499
6942
4577
493
1312
6282
2443
7758
4864
8408
4409
314
8051
6722
8896
9160
2
6522
4641
4397
7101
2211
3198
6779
1965
8561
6017
9753
4395
6601
7473
5863
3228
2656
9758
3220
2701
7244
2909
4836
9455
9054
3404
6096
6628
8115
7742
3315
9619
1353
3215
9464
4049
3242
6670
1460
220
4014
3495
7113
9919
7980
3286
8832
823
4914
5669
5479
957
8176
9651
3394
635
4251
2490
2521
2186
9756
9592
3857
8361
3576
5209
9938
8781
3783
4831
1006
54
1254
4067
5645
9230
4504
5555
6177
2196
3123
4963
5927
8260
457
9517
7563
9722
9668
7638
9177
525
1152
6271
7489
1232
3471
3244
5634
8516
4365
5656
6345
6099
3246
1634
43
679
1608
2110
1321
716
3239
1232
6637
8217
1784
8935
620
3595
9280
6835
8368
1551
5584
9094
6307
1555
5288
3195
4794
9912
5670
1668
1463
1720
6504
4735
5539
46
154
5547
9804
6552
8244
4252
8737
2515
9454
4475
8432
1654
1477
5951
6378
6553
9032
46
6875
8554
8987
675
966
6970
3064
1747
8094
7221
8442
3667
408
9070
6590
5658
9607
5510
1127
7727
543
68
6167
5904
5402
5287
7661
7114
7228
7975
1584
5463
1797
7448
4455
38
2393
1433
3648
5435
2922
563
7228
101
982
6472
5622
4367
3975
367
360
9531
8196
8672
8308
1739
2918
9831
3356
9572
8937
1696
1353
2211
3789
2036
8241
5868
3894
