9982
9962
9955
9992
9961
9968
9947
9975
9949
9983
9960
9979
9987
9972
9960
9983
9995
9948
9963
9975
9943
9952
9975
9929
9978
9966
9976
9980
9956
9968
9962
9947
9931
9925
9934
9927
9984
9925
9937
9987
9953
9931
9957
9974
9908
9959
9941
9917
9977
9998
9907
9958
9950
9901
9977
9964
9919
9984
9958
9913
9934
9908
9930
9983
9944
9912
9971
9917
9909
9932
9975
9968
9967
9900
9877
9948
9884
9922
9971
9909
9897
9869
9920
9917
9901
9869
9913
9891
9927
9888
9955
9912
9860
9863
9895
9938
9916
9868
9923
9872
9851
9865
9886
9914
9885
9903
9894
9896
9850
9934
9852
9914
9934
9913
9921
9857
9874
9856
9854
9915
9868
9860
9854
9887
9912
9867
9907
9867
9861
9826
9915
9831
9866
9867
9893
9843
9823
9876
9834
9903
9877
9863
9851
9891
9832
9844
9877
9887
9823
9898
9887
9830
9847
9816
9832
9866
9805
9839
9887
9804
9829
9811
9844
9872
9859
9841
9814
9788
9814
9863
9790
9785
9866
9819
9830
9796
9832
9857
9848
9832
9850
9770
9773
9840
9857
9796
9810
9769
9774
9844
9777
9850
9839
9776
9823
9825
9778
9764
9813
9838
9847
9800
9772
9758
9836
9820
9799
9772
9819
9778
9743
9758
9800
9807
9798
9810
9821
9766
9809
9781
9771
9777
9800
9775
9732
9757
9748
9801
9819
9817
9771
9800
9719
9735
9785
9727
9732
9784
9795
9774
9783
9725
9795
9714
9778
9753
9759
9737
9761
9736
9737
9754
9795
9761
9754
9747
9745
9758
9692
9754
9755
9751
9777
9689
9729
9759
9719
9701
9765
9749
9776
9700
9710
9711
9768
9701
9690
9734
9769
9752
9700
9720
9702
9738
9735
9679
9718
9691
9717
9751
9718
9660
9696
9664
9751
9731
9678
9672
9681
9729
9672
9705
9654
9668
9699
9653
9686
9675
9717
9651
9690
9642
9678
9702
9642
9726
9649
9725
9697
9664
9715
9713
9723
9629
9664
9716
9687
9709
9707
9670
9633
9670
9705
9668
9643
9703
9699
9626
9685
9657
9700
9706
9691
9695
9700
9642
9690
9635
9660
9682
9683
9665
9688
9681
9603
9634
9601
9662
9622
9614
9654
9659
9672
9675
9642
9668
9634
9657
9675
9623
9594
9587
9666
9646
9628
9580
9609
9601
9656
9608
9582
9628
9640
9657
9640
9630
9645
9573
9602
9610
9635
9640
9638
9589
9627
9608
9619
9561
9595
9649
9599
9555
9637
9589
9564
9636
9552
9642
9578
9585
9639
9637
9569
9561
9625
9633
9538
9585
9543
9547
9567
9607
9559
9589
9569
9620
9576
9580
9602
9575
9601
9534
9563
9567
9564
9571
9541
9558
9543
9524
9537
9527
9563
9520
9590
9555
9517
9583
9536
9548
9541
9572
9581
9550
9532
9508
9581
9507
9500
9516
9564
9574
9583
9493
9522
9582
9504
9540
9525
9530
9566
9519
9512
9485
9535
9531
9528
9536
9490
9509
9528
9554
9498
9511
9524
9514
9465
9553
9488
9515
9555
9544
9501
9547
9500
9554
9454
9469
9545
9452
9453
9454
9449
9542
9503
9466
9531
9527
9503
9485
9493
9450
9526
9457
9481
9529
9500
9521
9435
9472
9473
9456
9467
9506
9469
9425
9445
9432
9454
9442
9436
9481
9506
9488
9497
9426
9477
9476
9507
9475
9421
9468
9469
9437
9463
9431
9480
9481
9487
9417
9406
9417
9493
9450
9454
9403
9447
9423
9471
9394
9450
9470
9417
9412
9485
9444
9421
9452
9388
9396
9434
9398
9453
9391
9390
9376
9419
9406
9448
9416
9426
9383
9374
9382
9411
9414
9379
9454
9421
9404
9438
9458
9439
9429
9374
9366
9396
9409
9394
9389
9426
9382
9358
9357
9429
9371
9423
9346
9375
9420
9374
9411
9421
9372
9434
9358
9359
9375
9419
9386
9394
9370
9389
9402
9352
9367
9419
9341
9374
9391
9334
9376
9386
9391
9386
9352
9364
9348
9317
9338
9387
9403
9366
9328
9373
9368
9380
9328
9322
9306
9362
9351
9332
9377
9356
9313
9349
9298
9387
9386
9322
9293
9312
9315
9366
9329
9294
9346
9308
9307
9316
9301
9294
9283
9373
9301
9331
9366
9319
9369
9340
9290
9332
9362
9313
9278
9282
9351
9328
9322
9276
9293
9283
9308
9284
9295
9286
9327
9264
9318
9321
9334
9298
9327
9340
9317
9326
9338
9278
9288
9318
9296
9250
9307
9236
9260
9326
9288
9270
9241
9269
9267
9291
9320
9229
9243
9245
9243
9236
9242
9247
9242
9268
9294
9238
9255
9232
9248
9303
9257
9233
9213
9274
9217
9239
9246
9237
9301
9273
9272
9264
9292
9296
9260
9230
9237
9284
9265
9217
9196
9247
9281
9242
9284
9250
9234
9197
9200
9211
9185
9220
9244
9181
9237
9208
9221
9230
9245
9249
9268
9212
9265
9246
9238
9172
9219
9183
9192
9162
9171
9252
9199
9187
9252
9211
9232
9249
9209
9235
9207
9160
9211
9149
9237
9233
9161
9184
9191
9190
9151
9165
9218
9218
9208
9164
9206
9205
9174
9165
9212
9136
9190
9163
9131
9181
9137
9213
9149
9201
9140
9150
9134
9127
9212
9161
9131
9201
9194
9157
9137
9165
9207
9201
9137
9167
9118
9181
9110
9198
9108
9167
9119
9136
9099
9184
9150
9159
9096
9163
9144
9101
9187
9140
9151
9182
9136
9089
9111
9108
9094
9137
9160
9136
9168
9168
9135
9149
9077
9152
9162
9106
9130
9136
9078
9160
9075
9154
9069
9126
9088
9121
9081
9121
9058
9093
9078
9092
9074
9120
9115
9116
9124
9088
9135
9106
9137
9075
9059
9107
9048
9125
9123
9131
9062
9082
9067
9122
9062
9117
9053
9058
9123
9097
9099
9062
9030
9098
9030
9121
9064
9114
9111
9082
9036
9047
9023
9106
9026
9044
9029
9096
9014
9067
9064
9035
9066
9101
9071
9019
9075
9062
9046
9025
9038
9089
9067
9032
9009
9086
9007
9063
9024
9046
9005
9040
9084
9067
9010
9031
9045
9064
9008
9072
9046
9014
9059
8979
8983
9033
9005
9022
9013
8974
9013
9036
8995
9046
9062
9037
9005
8993
8990
8988
9010
8966
8980
9004
8954
8987
8964
8995
9015
8962
8986
9002
8994
8947
9006
8991
9001
8941
8956
8997
9014
9021
9021
9008
9009
8946
8966
9012
8934
8947
8976
8928
8993
8999
8948
9001
8926
8929
8921
8919
9005
9000
8996
9001
8999
8994
8965
8951
8952
8914
8957
8946
8923
8958
8933
8967
8992
8915
8998
8971
8950
8980
8931
8968
8969
8957
8935
8927
8958
8913
8902
8938
8894
8898
8953
8895
8938
8955
8927
8912
8930
8896
8879
8876
8889
8958
8930
8966
8938
8955
8963
8874
8895
8873
8870
8885
8891
8879
8888
8923
8898
8909
8940
8934
8861
8881
8920
8908
8889
8852
8909
8934
8933
8941
8853
8891
8888
8875
8867
8930
8913
8907
8926
8834
8878
8910
8863
8892
8921
8902
8910
8885
8911
8896
8848
8895
8894
8854
8895
8873
8818
8908
8864
8854
8835
8890
8819
8813
8869
8819
8837
8830
8887
8840
8820
8838
8878
8875
8862
8821
8816
8849
8816
8795
8848
8869
8803
8799
8830
8799
8824
8866
8800
8844
8833
8873
8876
8877
8787
8820
8828
8868
8776
8779
8780
8853
8867
8797
8775
8860
8858
8820
8830
8846
8815
8774
8824
8848
8857
8822
8818
8794
8844
8776
8757
8807
8803
8772
8784
8757
8844
8820
8803
8799
8785
8752
8741
8818
8833
8817
8798
8804
8760
8787
8750
8767
8823
8761
8730
8827
8771
8774
8804
8768
8743
8780
8722
8720
8805
8750
8718
8761
8765
8739
8795
8743
8777
8730
8743
8736
8803
8706
8709
8759
8802
8717
8750
8794
8788
8725
8766
8747
8779
8754
8746
8768
8753
8768
8733
8760
8731
8692
8736
8773
8765
8743
8719
8769
8755
8777
8713
8724
8683
8689
8701
8675
8768
8680
8670
8714
8756
8688
8702
8684
8673
8736
8753
8756
8662
8667
8748
8656
8674
8658
8689
8736
8662
8677
8671
8692
8702
8731
8679
8725
8727
8665
8731
8718
8650
8728
8727
8734
8647
8687
8662
8674
8714
8679
8641
8638
8653
8714
8684
8717
8695
8695
8641
8681
8683
8637
8630
8704
8615
8628
8647
8640
8688
8678
8669
8703
8629
8617
8644
8621
8669
8650
8632
8653
8667
8658
8630
8606
8668
8634
8684
8682
8620
8682
8612
8680
8673
8661
8675
8631
8644
8646
8600
8596
8595
8614
8577
8659
8577
8663
8604
8671
8644
8604
8598
8631
8665
8623
8647
8613
8600
8658
8608
8594
8650
8592
8646
8623
8649
8646
8636
8613
8573
8580
8623
8622
8557
8631
8617
8622
8588
8617
8636
8597
8575
8603
8602
8584
8591
8584
8572
8571
8602
8556
8549
8605
8610
8580
8609
8528
8565
8595
8563
8618
8614
8532
8552
8568
8585
8603
8573
8541
8533
8569
8520
8551
8519
8589
8528
8576
8592
8518
8595
8571
8531
8500
8570
8499
8512
8502
8499
8563
8513
8582
8526
8566
8533
8539
8554
8531
8545
8498
8507
8521
8539
8577
8514
8560
8502
8566
8510
8499
8513
8508
8505
8536
8511
8554
8476
8543
8550
8554
8502
8506
8536
8543
8535
8490
8497
8515
8521
8524
8540
8475
8536
8486
8495
8513
8517
8493
8450
8510
8469
8448
8461
8491
8505
8490
8520
8478
8500
8465
8516
8433
8449
8519
8479
8500
8485
8519
8446
8521
8499
8457
8504
8508
8438
8468
8481
8449
8446
8458
8444
8497
8471
8413
8489
8454
8445
8454
8406
8473
8421
8452
8440
8434
8418
8456
8459
8398
8433
8483
8397
8468
8434
8446
8433
8439
8478
8415
8422
8454
8444
8413
8409
8460
8412
8397
8405
8433
8391
8374
8426
8439
8403
8377
8462
8457
8450
8390
8457
8379
8391
8447
8362
8429
8455
8451
8436
8447
8361
8438
8369
8423
8408
8407
8416
8370
8425
8365
8412
8353
8404
8364
8409
8362
8360
8351
8421
8354
8392
8366
8343
8370
8350
8367
8399
8392
8364
8335
8411
8353
8411
8367
8404
8329
8353
8353
8316
8340
8320
8409
8367
8383
8362
8383
8348
8326
8353
8397
8374
8389
8366
8382
8318
8302
8325
8372
8385
8330
8369
8350
8346
8339
8375
8344
8369
8299
8285
8311
8303
8357
8336
8348
8367
8321
8289
8329
8312
8349
8297
8353
8337
8330
8367
8294
8284
8355
8328
8271
8316
8294
8331
8347
8350
8301
8348
8333
8320
8322
8312
8313
8289
8337
8333
8339
8262
8304
8326
8263
8282
8248
8306
8295
8252
8266
8273
8241
8243
8326
8267
8285
8328
8238
8238
8310
8299
8321
8231
8261
8309
8269
8274
8295
8219
8304
8295
8233
8286
8237
8310
8257
8223
8222
8261
8292
8281
8240
8300
8303
8214
8221
8265
8208
8246
8262
8207
8217
8214
8268
8206
8282
8288
8251
8201
8273
8199
8199
8271
8235
8225
8259
8194
8267
8267
8264
8196
8177
8222
8223
8261
8177
8181
8171
8206
8182
8260
8186
8209
8226
8166
8222
8238
8160
8236
8193
8190
8229
8156
8207
8228
8202
8197
8221
8179
8232
8228
8204
8217
8152
8151
8198
8167
8184
8161
8180
8214
8211
8221
8144
8219
8186
8199
8222
8209
8188
8219
8140
8216
8128
8221
8216
8139
8166
8167
8196
8181
8193
8143
8160
8141
8211
8192
8176
8139
8193
8200
8189
8140
8187
8166
8107
8189
8169
8184
8142
8164
8127
8164
8180
8163
8160
8137
8095
8093
8172
8180
8113
8115
8144
8136
8134
8164
8094
8105
8137
8160
8083
8096
8171
8091
8153
8165
8128
8150
8133
8093
8090
8094
8064
8070
8101
8077
8108
8092
8098
8127
8153
8124
8117
8111
8104
8105
8122
8147
8058
8106
8093
8136
8114
8140
8047
8075
8081
8095
8114
8040
8107
8105
8130
8038
8102
8031
8064
8049
8038
8074
8102
8087
8024
8118
8050
8048
8113
8037
8046
8037
8084
8109
8082
8096
8035
8090
8033
8074
8081
8042
8020
8046
8101
8027
8035
8010
8080
8097
8008
8024
8015
8059
8052
8013
7997
8017
8062
8019
8058
8051
8021
8007
7998
7994
8079
8007
8014
8065
8004
8037
8033
8018
7974
7989
8038
8051
8060
8056
8000
8051
7979
8028
8046
8014
8051
8047
8033
8054
8044
8019
8019
8054
8041
8016
8025
7996
8035
8019
7988
7965
7989
8008
8041
8014
8020
8015
8023
8027
7939
8026
8000
8011
7980
8026
7944
7933
7959
7969
8004
7997
7987
7956
7941
7940
7988
8009
7960
7926
7948
7934
7945
7918
7989
7968
7922
7974
7991
7927
7917
7967
7913
7983
7938
7966
7946
7907
7924
7996
7928
7956
7994
7939
7964
7988
7932
7895
7973
7923
7977
7913
7946
7899
7929
7948
7919
7909
7907
7892
7902
7932
7955
7969
7875
7928
7907
7925
7954
7882
7915
7947
7955
7963
7915
7906
7940
7889
7888
7943
7893
7937
7947
7867
7907
7928
7866
7874
7878
7931
7874
7933
7877
7916
7879
7872
7850
7855
7871
7901
7842
7925
7902
7906
7864
7841
7853
7891
7907
7832
7837
7906
7921
7828
7894
7879
7895
7841
7918
7825
7841
7864
7908
7886
7891
7844
7900
7829
7889
7827
7831
7812
7868
7822
7898
7901
7808
7862
7835
7822
7840
7807
7816
7796
7820
7873
7868
7830
7829
7837
7867
7793
7876
7815
7880
7838
7840
7786
7877
7814
7797
7782
7811
7815
7782
7856
7827
7826
7807
7783
7830
7841
7782
7852
7764
7827
7772
7853
7847
7838
7769
7784
7813
7793
7789
7839
7758
7766
7841
7768
7837
7842
7778
7760
7776
7757
7835
7813
7746
7823
7796
7833
7760
7820
7754
7821
7750
7755
7749
7803
7763
7825
7735
7742
7805
7771
7790
7736
7734
7767
7752
7744
7802
7725
7715
7755
7762
7758
7799
7712
7786
7790
7708
7715
7752
7793
7787
7772
7715
7743
7795
7772
7752
7709
7742
7704
7696
7713
7789
7776
7784
7705
7716
7700
7753
7749
7765
7695
7749
7711
7726
7762
7718
7716
7683
7749
7705
7720
7679
7673
7752
7747
7735
7716
7733
7719
7669
7667
7722
7697
7710
7741
7752
7682
7734
7674
7713
7671
7685
7743
7744
7718
7719
7744
7743
7735
7693
7726
7681
7672
7684
7647
7695
7636
7720
7716
7702
7640
7649
7722
7705
7662
7639
7702
7654
7641
7663
7714
7663
7652
7682
7630
7692
7640
7640
7617
7711
7615
7702
7692
7632
7642
7615
7632
7649
7624
7681
7613
7666
7681
7680
7678
7682
7603
7687
7611
7609
7684
7632
7643
7668
7604
7684
7602
7622
7680
7638
7649
7660
7657
7643
7664
7638
7580
7581
7665
7635
7639
7619
7579
7590
7664
7569
7601
7659
7590
7587
7628
7601
7625
7594
7568
7646
7569
7643
7603
7602
7584
7593
7573
7585
7638
7627
7555
7579
7558
7546
7600
7561
7614
7619
7604
7570
7543
7595
7587
7593
7618
7611
7563
7558
7563
7594
7599
7548
7620
7559
7574
7535
7575
7605
7570
7527
7561
7572
7542
7533
7550
7510
7544
7525
7593
7582
7515
7541
7547
7600
7553
7590
7570
7510
7553
7559
7577
7565
7504
7570
7586
7527
7586
7567
7506
7487
7573
7493
7542
7557
7545
7490
7548
7518
7518
7530
7479
7490
7514
7495
7548
7503
7556
7540
7521
7487
7555
7466
7554
7550
7479
7488
7508
7513
7491
7527
7538
7497
7501
7493
7516
7507
7538
7498
7495
7499
7446
7539
7492
7493
7445
7538
7448
7438
7440
7467
7450
7488
7470
7484
7435
7450
7454
7519
7510
7452
7498
7489
7447
7491
7511
7509
7472
7492
7486
7436
7448
7417
7466
7444
7464
7419
7486
7463
7504
7426
7499
7409
7494
7419
7490
7439
7490
7490
7411
7404
7405
7474
7480
7466
7454
7398
7487
7388
7408
7463
7399
7406
7464
7460
7469
7465
7445
7412
7461
7452
7465
7455
7378
7425
7411
7389
7466
7386
7414
7421
7441
7422
7420
7455
7400
7415
7378
7422
7437
7356
7416
7407
7423
7353
7409
7447
7364
7371
7351
7394
7386
7400
7441
7404
7386
7418
7378
7380
7414
7346
7354
7338
7415
7422
7349
7384
7365
7382
7417
7374
7332
7360
7391
7324
7345
7408
7396
7360
7360
7332
7322
7351
7327
7368
7393
7377
7343
7395
7314
7340
7325
7357
7355
7328
7385
7385
7325
7370
7302
7363
7353
7319
7357
7334
7361
7337
7327
7361
7346
7306
7382
7285
7313
7346
7301
7359
7356
7371
7346
7343
7321
7297
7324
7357
7333
7339
7309
7306
7330
7365
7268
7291
7281
7357
7298
7292
7346
7319
7269
7354
7271
7299
7309
7339
7310
7254
7282
7316
7275
7263
7267
7332
7258
7309
7333
7295
7277
7276
7302
7310
7314
7308
7267
7252
7264
7323
7241
7246
7240
7251
7292
7300
7291
7268
7235
7293
7267
7225
7248
7251
7275
7229
7269
7247
7235
7225
7272
7260
7270
7226
7210
7283
7248
7206
7216
7222
7214
7218
7210
7242
7224
7201
7245
7227
7265
7193
7259
7283
7269
7271
7244
7194
7255
7182
7249
7240
7232
7183
7181
7239
7236
7201
7210
7234
7206
7230
7212
7230
7193
7256
7220
7232
7192
7231
7244
7250
7252
7160
7194
7161
7226
7178
7174
7171
7202
7233
7209
7210
7147
7226
7163
7198
7218
7208
7237
7177
7161
7139
7142
7147
7149
7148
7160
7162
7212
7225
7228
7166
7200
7149
7207
7186
7180
7141
7214
7203
7133
7190
7151
7204
7165
7146
7164
7191
7172
7150
7132
7148
7112
7131
7109
7200
7165
7197
7196
7190
7109
7149
7143
7168
7156
7138
7181
7149
7153
7128
7157
7131
7169
7164
7092
7153
7153
7151
7162
7091
7093
7142
7118
7132
7139
7116
7087
7108
7141
7134
7106
7129
7073
7127
7157
7097
7101
7141
7105
7123
7101
7066
7076
7069
7117
7114
7110
7116
7083
7057
7093
7048
7064
7060
7098
7130
7077
7115
7096
7050
7099
7062
7037
7110
7092
7049
7085
7108
7111
7065
7081
7033
7114
7054
7115
7080
7095
7109
7111
7070
7073
7110
7095
7069
7027
7113
7086
7042
7020
7086
7107
7047
7014
7040
7082
7075
7009
7100
7059
7064
7046
7094
7066
7054
7020
6995
7005
7075
7073
7021
7029
7004
7061
7025
6987
7028
6985
7035
7049
7074
7044
7072
7071
6981
7066
6981
6989
6997
7006
7018
7004
7055
7057
6995
7036
7035
7031
6964
7005
7040
7038
7038
7037
7054
7000
6958
6956
6996
7022
7012
6990
6979
6962
6976
6970
7030
7022
6982
6993
7014
7011
6974
6952
6948
7023
6956
6967
6946
7005
6992
6966
6987
6986
7003
6993
6958
6976
6994
6986
6998
6954
6924
6940
7014
6999
6959
7000
6935
6938
6976
6972
7003
6930
6974
6977
6950
6914
6942
6956
6951
6936
6979
6925
6930
6943
6984
6914
6927
6957
6969
6903
6899
6901
6916
6892
6923
6894
6967
6967
6882
6894
6909
6926
6968
6909
6894
6950
6906
6877
6880
6950
6906
6964
6926
6917
6884
6904
6955
6863
6861
6859
6914
6947
6906
6887
6898
6942
6854
6927
6877
6921
6922
6944
6941
6886
6855
6911
6934
6928
6918
6844
6866
6916
6880
6922
6906
6920
6894
6901
6920
6872
6866
6846
6917
6869
6900
6863
6863
6873
6887
6871
6874
6906
6906
6895
6877
6846
6898
6830
6897
6861
6891
6870
6901
6826
6806
6892
6841
6817
6884
6897
6848
6883
6816
6848
6823
6852
6801
6854
6832
6848
6798
6867
6849
6842
6850
6818
6817
6816
6781
6817
6798
6828
6799
6796
6848
6865
6852
6799
6821
6786
6832
6801
6839
6820
6830
6807
6849
6761
6840
6836
6831
6837
6846
6827
6823
6824
6822
6772
6834
6806
6831
6747
6791
6795
6784
6830
6814
6778
6816
6825
6837
6822
6773
6809
6812
6781
6774
6746
6826
6809
6771
6730
6780
6771
6777
6761
6797
6752
6753
6761
6774
6730
6737
6792
6727
6801
6773
6763
6765
6724
6754
6745
6743
6770
6724
6778
6726
6757
6793
6766
6769
6762
6705
6729
6718
6712
6766
6728
6728
6785
6783
6712
6689
6743
6688
6736
6734
6766
6723
6702
6752
6767
6724
6695
6746
6695
6734
6711
6713
6675
6762
6667
6669
6753
6664
6747
6751
6754
6675
6711
6723
6717
6716
6684
6684
6689
6741
6705
6720
6727
6690
6734
6675
6690
6661
6659
6714
6673
6662
6675
6645
6670
6669
6690
6712
6637
6663
6687
6718
6652
6634
6724
6670
6682
6715
6693
6698
6688
6713
6626
6709
6694
6626
6709
6664
6630
6672
6683
6615
6704
6675
6650
6628
6675
6612
6692
6621
6655
6619
6648
6692
6667
6658
6632
6683
6684
6608
6669
6605
6641
6595
6609
6591
6641
6596
6651
6589
6642
6662
6615
6677
6656
6576
6589
6611
6641
6638
6639
6625
6636
6582
6642
6600
6644
6580
6605
6578
6646
6635
6637
6640
6564
6598
6654
6606
6608
6625
6596
6593
6587
6580
6570
6578
6628
6555
6612
6629
6584
6587
6626
6550
6617
6593
6543
6566
6613
6607
6599
6571
6590
6605
6619
6555
6536
6616
6588
6548
6542
6565
6554
6552
6543
6590
6517
6554
6543
6563
6525
6568
6547
6579
6522
6542
6593
6565
6566
6586
6510
6511
6552
6502
6542
6587
6565
6592
6591
6517
6517
6497
6552
6491
6491
6557
6543
6574
6494
6539
6560
6514
6563
6555
6503
6512
6544
6504
6485
6490
6558
6524
6532
6537
6511
6489
6558
6523
6510
6491
6517
6463
6514
6473
6493
6522
6542
6523
6540
6549
6548
6525
6519
6513
6454
6472
6465
6495
6447
6466
6536
6474
6527
6530
6508
6438
6487
6495
6478
6465
6449
6511
6491
6448
6524
6517
6482
6463
6451
6422
6491
6517
6498
6448
6507
6503
6513
6495
6435
6499
6450
6483
6441
6489
6489
6489
6501
6435
6432
6433
6404
6441
6446
6488
6432
6466
6399
6396
6425
6476
6423
6446
6473
6440
6425
6403
6442
6442
6459
6463
6473
6440
6476
6444
6384
6461
6440
6393
6435
6402
6435
6389
6405
6443
6462
6409
6387
6404
6454
6438
6378
6375
6420
6384
6415
6435
6386
6378
6397
6407
6360
6363
6387
6379
6428
6424
6417
6372
6358
6434
6440
6379
6354
6368
6340
6337
6412
6417
6333
6355
6350
6379
6337
6346
6366
6337
6370
6395
6354
6417
6336
6414
6395
6349
6356
6352
6378
6346
6353
6396
6321
6327
6333
6404
6367
6374
6320
6304
6338
6335
6310
6363
6303
6353
6339
6387
6383
6346
6293
6343
6378
6306
6381
6377
6351
6378
6372
6326
6293
6376
6289
6352
6361
6356
6314
6374
6346
6304
6276
6305
6325
6322
6278
6286
6317
6288
6304
6286
6355
6356
6360
6299
6280
6286
6302
6274
6337
6280
6309
6276
6279
6343
6257
6291
6336
6246
6292
6332
6260
6276
6271
6266
6319
6248
6299
6291
6241
6248
6290
6309
6313
6296
6301
6279
6260
6289
6235
6257
6229
6241
6315
6288
6249
6278
6288
6301
6228
6258
6236
6274
6305
6277
6222
6293
6291
6299
6240
6269
6252
6275
6278
6221
6244
6288
6268
6221
6242
6199
6219
6273
6236
6226
6235
6193
6222
6186
6215
6236
6263
6210
6249
6189
6248
6237
6258
6211
6211
6201
6208
6176
6263
6184
6185
6232
6230
6184
6215
6227
6237
6241
6164
6214
6191
6212
6252
6215
6238
6236
6195
6178
6168
6225
6170
6215
6213
6228
6195
6227
6155
6174
6203
6199
6158
6155
6191
6167
6207
6220
6220
6141
6227
6192
6143
6197
6170
6159
6156
6152
6211
6183
6152
6217
6137
6199
6196
6124
6174
6188
6139
6115
6135
6112
6204
6151
6146
6174
6109
6157
6152
6103
6115
6145
6188
6116
6106
6163
6135
6193
6139
6183
6093
6106
6152
6158
6131
6103
6135
6138
6089
6175
6118
6138
6154
6082
6170
6082
6146
6083
6158
6162
6094
6119
6152
6081
6121
6129
6118
6099
6099
6127
6111
6094
6073
6079
6099
6153
6105
6095
6080
6056
6145
6134
6130
6074
6084
6051
6075
6126
6096
6062
6082
6118
6049
6065
6088
6099
6120
6081
6132
6095
6121
6098
6048
6030
6095
6065
6059
6059
6052
6077
6108
6021
6040
6100
6026
6092
6073
6042
6063
6063
6084
6035
6078
6098
6082
6011
6102
6030
6062
6075
6072
6018
6019
6034
6058
6080
6006
6031
6003
6020
6081
6056
6007
6004
6083
6025
6010
6032
6072
6010
6030
6013
6006
6000
6061
6016
5993
5980
6030
5983
6018
5997
6053
6010
6017
6040
5976
5976
6022
5995
5981
5972
6012
6049
6026
6009
6019
6021
5968
6020
5995
6041
6030
5954
5951
5983
6044
6042
6028
5958
6025
5971
5995
5980
6022
6017
6010
6018
5982
6024
5931
5989
6022
5979
6000
5998
5947
6016
5981
5940
5922
6009
5990
5985
6004
5958
6007
5924
5947
5947
5916
5931
5951
5954
5999
5994
5921
5939
5957
5903
5945
5956
5905
5958
5950
5986
5986
5918
5989
5935
5971
5971
5909
5940
5955
5904
5942
5963
5894
5975
5937
5971
5926
5938
5888
5915
5924
5953
5880
5906
5896
5930
5894
5914
5951
5872
5936
5905
5867
5869
5932
5896
5954
5862
5881
5932
5857
5854
5859
5864
5922
5938
5881
5922
5859
5859
5877
5856
5868
5854
5931
5877
5891
5923
5908
5848
5880
5876
5867
5920
5898
5853
5865
5854
5892
5876
5836
5893
5895
5881
5903
5824
5875
5913
5836
5894
5854
5821
5876
5823
5867
5841
5853
5870
5893
5810
5837
5847
5899
5849
5844
5817
5813
5832
5865
5831
5892
5858
5870
5859
5874
5854
5789
5823
5818
5787
5854
5807
5827
5834
5853
5850
5866
5786
5829
5808
5839
5864
5848
5797
5838
5807
5806
5846
5775
5777
5793
5771
5781
5838
5857
5762
5814
5817
5850
5820
5831
5831
5819
5785
5831
5847
5794
5836
5804
5807
5747
5798
5765
5766
5787
5753
5791
5814
5772
5800
5749
5739
5821
5824
5813
5754
5749
5812
5778
5762
5823
5745
5762
5737
5806
5742
5742
5736
5746
5740
5729
5803
5808
5733
5748
5798
5783
5749
5786
5726
5717
5723
5799
5742
5783
5764
5792
5704
5709
5711
5725
5736
5754
5716
5720
5770
5765
5709
5771
5707
5773
5705
5737
5711
5772
5713
5775
5754
5757
5723
5683
5764
5770
5742
5714
5710
5749
5715
5721
5717
5757
5698
5694
5668
5728
5681
5670
5752
5731
5672
5698
5735
5750
5705
5737
5702
5718
5702
5737
5683
5672
5674
5692
5701
5731
5722
5658
5707
5724
5719
5685
5653
5657
5703
5704
5717
5727
5683
5679
5663
5659
5649
5634
5719
5670
5717
5638
5684
5640
5697
5640
5652
5699
5639
5620
5682
5622
5653
5637
5613
5675
5615
5649
5630
5612
5644
5688
5657
5610
5655
5663
5676
5680
5678
5608
5666
5686
5623
5667
5644
5663
5637
5656
5639
5613
5597
5642
5669
5659
5653
5604
5618
5581
5653
5585
5669
5600
5635
5645
5572
5621
5631
5577
5608
5592
5638
5577
5604
5572
5625
5604
5608
5576
5621
5583
5644
5609
5601
5594
5608
5545
5601
5580
5542
5607
5630
5624
5572
5619
5624
5622
5587
5620
5593
5619
5604
5563
5599
5564
5609
5609
5601
5549
5528
5609
5563
5541
5530
5550
5527
5594
5521
5599
5596
5603
5583
5605
5545
5531
5520
5571
5561
5515
5522
5537
5534
5564
5544
5569
5583
5514
5570
5499
5573
5510
5495
5513
5571
5487
5491
5530
5558
5490
5524
5494
5535
5500
5491
5537
5492
5509
5496
5566
5482
5503
5566
5557
5549
5525
5469
5553
5466
5487
5467
5506
5505
5518
5472
5485
5538
5459
5538
5474
5482
5527
5473
5537
5526
5488
5456
5530
5463
5527
5537
5445
5525
5502
5481
5522
5456
5530
5437
5509
5494
5462
5484
5510
5527
5463
5461
5501
5480
5445
5516
5453
5429
5446
5427
5461
5515
5496
5437
5445
5487
5466
5507
5437
5467
5442
5430
5468
5432
5435
5410
5490
5428
5480
5442
5403
5483
5464
5488
5486
5476
5471
5443
5428
5418
5400
5446
5451
5445
5414
5406
5381
5391
5401
5393
5437
5387
5375
5429
5376
5385
5454
5452
5446
5415
5399
5455
5399
5403
5454
5412
5406
5452
5420
5377
5422
5439
5404
5408
5385
5439
5365
5417
5399
5381
5401
5437
5407
5355
5403
5422
5355
5438
5417
5361
5380
5379
5382
5416
5370
5400
5392
5366
5378
5379
5376
5402
5409
5359
5400
5349
5413
5406
5407
5405
5373
5359
5355
5377
5407
5348
5332
5389
5352
5355
5356
5330
5336
5347
5312
5307
5308
5394
5309
5314
5316
5395
5390
5348
5337
5345
5360
5335
5350
5373
5353
5304
5364
5350
5323
5329
5346
5283
5355
5369
5376
5375
5309
5320
5306
5287
5321
5328
5317
5359
5267
5345
5296
5363
5272
5326
5270
5323
5297
5350
5296
5344
5323
5298
5318
5271
5316
5278
5264
5285
5253
5312
5262
5280
5255
5272
5262
5281
5256
5262
5321
5297
5248
5276
5244
5242
5307
5297
5257
5258
5320
5322
5288
5279
5313
5287
5298
5308
5293
5311
5228
5273
5229
5261
5248
5290
5273
5232
5222
5221
5265
5253
5304
5234
5272
5296
5255
5289
5202
5258
5225
5253
5198
5259
5270
5203
5197
5287
5225
5232
5192
5259
5269
5273
5258
5249
5181
5276
5220
5212
5228
5226
5205
5216
5272
5245
5233
5225
5230
5186
5248
5262
5201
5182
5256
5218
5187
5240
5250
5249
5161
5232
5180
5175
5228
5159
5170
5230
5151
5203
5246
5166
5162
5184
5180
5176
5141
5197
5162
5200
5146
5189
5214
5152
5151
5141
5199
5202
5212
5165
5197
5206
5205
5176
5127
5134
5137
5214
5155
5130
5146
5195
5120
5199
5174
5131
5203
5118
5148
5130
5122
5188
5144
5105
5166
5131
5155
5132
5152
5175
5188
5192
5184
5145
5117
5096
5113
5155
5126
5120
5089
5125
5131
5129
5094
5094
5143
5134
5178
5176
5092
5146
5114
5123
5144
5092
5108
5149
5093
5160
5137
5105
5105
5076
5078
5100
5071
5098
5149
5152
5142
5070
5094
5144
5061
5149
5081
5070
5068
5120
5118
5144
5091
5137
5123
5067
5088
5089
5049
5120
5072
5068
5063
5133
5092
5050
5093
5077
5032
5095
5034
5107
5113
5106
5115
5094
5103
5108
5067
5065
5066
5016
5073
5102
5076
5031
5080
5096
5106
5058
5094
5059
5064
5088
5048
5066
5044
5077
5035
5001
5048
5074
5026
5070
5017
5085
5024
5017
5002
5038
5039
5035
5017
5019
4997
4983
5000
5066
5050
5016
5004
5071
5065
5050
4977
5021
5066
4995
5063
5036
4975
4980
4985
4973
5050
4983
4992
4964
5051
4960
5053
5035
5048
4990
5018
4991
5032
5049
4975
4987
5045
4995
4981
5001
5041
5035
4950
4941
5014
5037
5036
5029
4953
5011
4969
4998
5019
4932
4960
5016
4940
4988
5017
4981
4989
4948
4968
4980
5018
5007
4937
4966
4968
4925
4971
4954
4924
4927
4970
4923
4911
4906
4928
4910
4995
4992
4965
4953
4990
4914
4982
4967
4927
4899
4944
4985
4910
4915
4979
4962
4931
4937
4932
4956
4973
4914
4907
4918
4934
4954
4915
4898
4918
4901
4905
4945
4966
4875
4879
4904
4936
4947
4936
4961
4943
4889
4933
4945
4945
4891
4909
4913
4943
4854
4928
4857
4856
4891
4912
4938
4924
4919
4926
4932
4881
4931
4884
4893
4841
4935
4878
4863
4853
4885
4920
4845
4849
4919
4915
4844
4869
4900
4922
4903
4907
4892
4855
4820
4867
4849
4817
4819
4824
4894
4899
4829
4901
4851
4897
4814
4905
4864
4844
4898
4882
4871
4880
4888
4886
4823
4855
4866
4885
4847
4874
4813
4870
4807
4867
4864
4852
4801
4797
4849
4807
4832
4803
4863
4835
4834
4798
4800
4776
4795
4848
4867
4865
4813
4865
4811
4858
4836
4787
4836
4832
4798
4818
4786
4808
4820
4825
4828
4816
4772
4842
4753
4783
4811
4826
4826
4810
4764
4778
4832
4754
4747
4748
4783
4817
4779
4802
4760
4833
4742
4771
4786
4813
4784
4746
4788
4789
4767
4818
4741
4811
4808
4743
4768
4813
4793
4741
4813
4772
4754
4715
4765
4793
4797
4719
4792
4731
4726
4801
4787
4778
4756
4768
4750
4757
4733
4739
4711
4753
4788
4792
4722
4753
4713
4713
4740
4755
4720
4705
4726
4754
4686
4743
4730
4701
4776
4698
4689
4703
4747
4686
4767
4709
4724
4755
4676
4703
4726
4760
4687
4732
4735
4720
4701
4757
4710
4721
4657
4730
4724
4669
4695
4674
4685
4653
4671
4664
4687
4662
4653
4686
4644
4641
4736
4674
4650
4651
4670
4703
4678
4658
4635
4678
4702
4683
4668
4706
4631
4666
4693
4714
4671
4633
4644
4654
4705
4713
4699
4693
4657
4627
4702
4664
4630
4697
4653
4654
4651
4672
4663
4659
4640
4606
4629
4628
4689
4689
4645
4635
4626
4658
4688
4653
4622
4605
4659
4667
4653
4614
4676
4598
4605
4675
4585
4653
4651
4628
4588
4599
4633
4620
4602
4580
4633
4657
4596
4592
4583
4604
4582
4650
4602
4642
4650
4610
4627
4600
4599
4603
4630
4643
4622
4588
4636
4600
4589
4632
4637
4584
4640
4576
4591
4578
4564
4565
4603
4632
4630
4557
4564
4621
4586
4564
4580
4537
4575
4528
4536
4558
4623
4570
4596
4582
4545
4592
4567
4586
4572
4591
4577
4540
4569
4553
4542
4553
4602
4510
4603
4527
4543
4531
4546
4542
4560
4563
4588
4596
4503
4527
4542
4589
4544
4511
4570
4525
4501
4510
4569
4510
4528
4507
4516
4579
4563
4504
4572
4524
4508
4541
4492
4547
4531
4500
4527
4494
4482
4493
4470
4504
4494
4516
4546
4537
4505
4549
4540
4530
4473
4483
4543
4460
4469
4549
4478
4491
4527
4534
4515
4527
4506
4472
4476
4470
4468
4512
4480
4468
4502
4476
4521
4491
4525
4437
4443
4481
4489
4461
4512
4488
4483
4498
4508
4491
4437
4504
4422
4505
4493
4441
4459
4460
4467
4489
4453
4426
4428
4493
4457
4476
4463
4450
4454
4471
4418
4436
4441
4448
4443
4471
4477
4421
4418
4403
4433
4396
4438
4425
4409
4439
4463
4389
4468
4416
4454
4459
4403
4408
4428
4381
4425
4443
4447
4430
4380
4410
4394
4449
4401
4459
4436
4367
4400
4403
4392
4363
4372
4411
4402
4411
4405
4378
4368
4418
4438
4438
4384
4357
4384
4409
4398
4385
4423
4421
4355
4400
4425
4416
4344
4425
4398
4399
4332
4354
4345
4409
4425
4330
4346
4335
4370
4410
4405
4381
4359
4370
4374
4400
4323
4332
4372
4378
4376
4372
4347
4319
4396
4325
4366
4355
4330
4365
4316
4309
4302
4319
4311
4385
4353
4342
4330
4384
4302
4340
4382
4306
4319
4346
4289
4315
4301
4382
4310
4308
4328
4282
4360
4277
4315
4292
4290
4290
4317
4289
4357
4306
4345
4326
4305
4346
4357
4345
4280
4262
4315
4347
4261
4264
4302
4286
4339
4264
4252
4270
4291
4342
4290
4258
4323
4342
4339
4275
4284
4250
4315
4331
4290
4326
4250
4241
4333
4298
4323
4245
4277
4266
4241
4278
4317
4299
4298
4271
4266
4256
4286
4249
4264
4310
4243
4311
4253
4288
4253
4219
4246
4217
4263
4255
4304
4292
4266
4273
4219
4285
4222
4279
4297
4207
4212
4284
4205
4286
4218
4256
4283
4203
4272
4226
4262
4186
4200
4203
4211
4253
4190
4260
4219
4244
4224
4195
4209
4212
4214
4245
4247
4258
4218
4215
4212
4263
4174
4245
4200
4166
4210
4224
4173
4235
4163
4242
4163
4177
4234
4162
4207
4198
4163
4163
4159
4197
4215
4225
4143
4192
4214
4192
4229
4179
4200
4173
4204
4152
4216
4225
4181
4194
4196
4163
4218
4224
4132
4180
4164
4125
4217
4215
4135
4198
4206
4184
4116
4117
4155
4152
4118
4185
4133
4180
4200
4134
4141
4177
4118
4132
4136
4144
4124
4121
4137
4176
4148
4144
4140
4099
4189
4151
4089
4150
4131
4151
4152
4158
4146
4113
4142
4129
4081
4156
4174
4149
4134
4089
4076
4126
4129
4129
4123
4083
4127
4095
4118
4106
4123
4150
4128
4089
4123
4105
4057
4101
4059
4122
4124
4120
4054
4078
4055
4104
4104
4079
4072
4088
4088
4053
4111
4094
4038
4083
4070
4112
4062
4088
4066
4093
4034
4089
4034
4060
4063
4058
4114
4063
4116
4098
4065
4035
4047
4030
4076
4081
4100
4053
4026
4027
4070
4083
4059
4051
4098
4028
4004
4036
4047
4053
4085
4053
4027
4024
4033
4044
4000
4007
4078
4021
4068
4081
4081
4069
4029
4075
4047
4013
4065
4048
4053
4058
4030
4001
3991
4016
4055
3986
4054
3978
4048
3999
4020
3984
4060
3998
4004
4029
4026
4011
3968
4018
4008
3998
4017
3977
4008
4000
4039
4024
4039
3973
3969
3981
3983
4042
4021
4026
4019
3998
4029
3977
3998
3996
3948
3996
3980
4010
4022
4020
3962
3951
3998
3936
3942
3939
3950
4013
3931
3990
3960
3948
3999
3968
3987
3976
3948
3929
3915
3938
3966
3971
3931
3915
3952
4002
3986
3961
3922
3923
3975
3918
3916
3912
3990
3912
3993
3920
3917
3975
3954
3965
3975
3895
3971
3928
3953
3893
3916
3964
3917
3949
3954
3951
3894
3969
3960
3917
3935
3901
3939
3896
3902
3931
3962
3896
3929
3867
3939
3871
3860
3865
3920
3950
3860
3945
3874
3942
3896
3880
3946
3855
3915
3849
3868
3929
3937
3889
3863
3861
3939
3886
3855
3841
3867
3906
3847
3853
3924
3876
3869
3849
3900
3880
3874
3861
3876
3866
3881
3862
3907
3822
3879
3862
3816
3890
3898
3862
3855
3897
3821
3878
3878
3865
3842
3902
3841
3885
3819
3846
3806
3845
3869
3873
3832
3824
3803
3824
3871
3856
3811
3800
3844
3814
3885
3867
3855
3788
3828
3822
3826
3817
3860
3861
3875
3826
3819
3861
3826
3789
3786
3826
3848
3829
3829
3788
3852
3852
3793
3817
3807
3807
3843
3845
3762
3758
3829
3773
3828
3844
3761
3776
3749
3823
3749
3811
3842
3767
3785
3774
3793
3830
3794
3752
3810
3764
3776
3755
3801
3829
3819
3730
3808
3803
3758
3807
3766
3780
3765
3725
3751
3795
3765
3781
3802
3718
3797
3809
3737
3808
3768
3723
3749
3736
3734
3718
3706
3730
3736
3760
3740
3720
3754
3763
3740
3733
3701
3784
3787
3777
3753
3757
3736
3786
3742
3710
3728
3735
3776
3725
3754
3718
3703
3698
3729
3716
3770
3717
3702
3736
3713
3754
3748
3709
3709
3736
3706
3733
3673
3661
3693
3690
3702
3664
3706
3667
3728
3707
3746
3665
3675
3741
3741
3671
3736
3705
3713
3738
3698
3720
3731
3731
3701
3713
3641
3730
3693
3633
3678
3658
3644
3722
3712
3693
3639
3702
3720
3720
3709
3656
3684
3706
3670
3707
3630
3622
3648
3695
3665
3642
3625
3694
3645
3641
3619
3629
3625
3639
3700
3665
3644
3668
3696
3599
3686
3620
3603
3602
3634
3607
3673
3683
3642
3641
3626
3620
3609
3617
3611
3622
3602
3667
3676
3628
3577
3630
3666
3620
3666
3599
3620
3663
3585
3651
3586
3641
3655
3608
3660
3627
3584
3639
3577
3582
3576
3641
3619
3625
3603
3621
3564
3625
3587
3612
3620
3597
3639
3585
3604
3570
3587
3594
3579
3594
3577
3562
3535
3602
3556
3566
3548
3537
3590
3580
3544
3565
3608
3590
3588
3544
3593
3570
3614
3533
3539
3522
3530
3545
3543
3526
3574
3587
3593
3570
3596
3601
3514
3588
3544
3566
3555
3571
3547
3587
3590
3569
3585
3538
3561
3537
3505
3530
3551
3553
3568
3496
3583
3488
3565
3496
3543
3547
3519
3497
3516
3499
3474
3565
3561
3548
3535
3491
3499
3492
3468
3551
3497
3467
3546
3498
3522
3471
3481
3545
3506
3519
3478
3542
3509
3488
3470
3486
3506
3471
3453
3451
3491
3465
3509
3503
3532
3502
3515
3471
3497
3528
3473
3470
3481
3432
3477
3460
3523
3428
3484
3462
3427
3504
3427
3459
3469
3440
3509
3425
3506
3439
3438
3467
3452
3483
3431
3479
3485
3499
3465
3439
3422
3487
3419
3418
3476
3415
3429
3407
3453
3411
3491
3395
3446
3484
3425
3402
3391
3388
3423
3480
3445
3421
3395
3388
3453
3434
3458
3443
3454
3440
3456
3377
3440
3373
3425
3407
3411
3390
3376
3367
3396
3445
3363
3451
3385
3359
3438
3419
3419
3405
3408
3385
3396
3352
3437
3373
3420
3433
3391
3404
3395
3374
3389
3367
3367
3416
3365
3401
3370
3393
3360
3410
3386
3356
3343
3409
3330
3356
3343
3416
3384
3332
3420
3375
3372
3393
3328
3410
3319
3414
3323
3412
3365
3314
3359
3357
3345
3406
3387
3371
3372
3304
3364
3374
3397
3367
3380
3321
3309
3359
3302
3331
3391
3332
3310
3345
3325
3315
3369
3351
3358
3348
3372
3380
3323
3378
3348
3353
3348
3374
3354
3360
3278
3342
3307
3315
3351
3329
3281
3345
3316
3263
3268
3345
3336
3275
3271
3337
3260
3314
3301
3276
3306
3279
3250
3321
3254
3256
3334
3341
3307
3281
3314
3284
3324
3287
3264
3284
3253
3271
3280
3293
3241
3252
3307
3309
3253
3244
3229
3247
3282
3244
3245
3280
3245
3289
3242
3217
3219
3307
3238
3229
3269
3241
3295
3251
3278
3232
3214
3225
3251
3278
3245
3212
3237
3211
3258
3204
3273
3269
3241
3259
3267
3279
3257
3287
3239
3191
3225
3206
3236
3269
3183
3218
3275
3264
3216
3213
3222
3253
3211
3201
3225
3190
3194
3187
3209
3245
3202
3223
3219
3186
3228
3207
3254
3198
3211
3186
3232
3237
3200
3202
3174
3208
3187
3191
3161
3230
3238
3233
3159
3211
3179
3142
3192
3233
3152
3169
3224
3145
3173
3173
3224
3215
3131
3158
3169
3199
3213
3195
3173
3160
3156
3131
3185
3181
3178
3137
3190
3182
3128
3183
3145
3174
3134
3126
3145
3164
3118
3127
3155
3159
3179
3110
3169
3177
3190
3121
3163
3131
3127
3147
3164
3139
3155
3101
3151
3130
3132
3094
3104
3147
3152
3167
3146
3164
3132
3170
3110
3155
3171
3129
3137
3102
3155
3094
3153
3116
3153
3083
3087
3158
3140
3104
3128
3088
3146
3089
3061
3099
3141
3114
3105
3079
3095
3070
3121
3132
3136
3063
3134
3091
3089
3042
3064
3081
3046
3070
3081
3067
3102
3066
3085
3045
3042
3094
3114
3069
3101
3060
3112
3075
3101
3062
3058
3036
3103
3024
3029
3057
3016
3014
3095
3095
3103
3064
3093
3058
3102
3075
3084
3031
3013
3015
3014
3065
3038
3074
3013
3030
3076
3007
3035
3059
3025
3032
3019
3067
3048
3012
3060
3071
3067
3024
3037
2984
3066
3072
2991
3019
3011
3072
3058
2987
3031
3004
2986
3042
2978
3015
3009
2975
2998
3014
3046
3054
2986
2990
2990
3040
3029
2984
2993
3001
2960
2990
3029
3041
2957
3006
2993
2988
2948
2999
3032
3027
2984
2972
2942
3005
3017
3020
2953
2944
2979
2949
3022
2985
2983
2946
3000
2981
2981
3008
2978
2952
3008
2929
2950
2921
3004
2969
2991
2951
2956
2958
2958
3006
3003
2983
2944
2979
3000
2957
2958
2936
2949
2981
2900
2939
2927
2944
2903
2949
2924
2940
2943
2896
2964
2925
2902
2975
2933
2953
2950
2915
2944
2918
2928
2935
2887
2910
2894
2895
2871
2923
2922
2942
2922
2919
2906
2936
2957
2885
2916
2930
2929
2923
2928
2904
2943
2909
2945
2901
2939
2899
2944
2884
2917
2845
2918
2879
2879
2845
2881
2923
2903
2932
2878
2913
2879
2876
2903
2916
2884
2866
2864
2857
2911
2904
2837
2889
2869
2857
2852
2824
2892
2868
2819
2866
2829
2863
2850
2899
2871
2831
2849
2836
2860
2826
2866
2847
2881
2863
2869
2862
2849
2854
2865
2854
2848
2888
2825
2881
2843
2813
2801
2794
2857
2849
2785
2802
2860
2828
2788
2803
2835
2824
2791
2797
2782
2815
2828
2803
2809
2804
2796
2838
2820
2777
2830
2810
2823
2805
2806
2826
2843
2843
2781
2815
2843
2785
2824
2821
2818
2844
2749
2833
2783
2778
2771
2767
2789
2839
2834
2743
2822
2775
2817
2758
2800
2742
2797
2771
2793
2809
2779
2809
2741
2806
2731
2796
2780
2727
2734
2721
2764
2784
2753
2771
2741
2752
2765
2742
2719
2754
2730
2793
2743
2770
2759
2778
2775
2781
2781
2764
2780
2698
2791
2704
2753
2759
2696
2727
2715
2712
2786
2771
2770
2754
2779
2772
2758
2747
2736
2715
2682
2746
2707
2731
2675
2695
2714
2714
2672
2718
2751
2737
2693
2763
2717
2745
2708
2676
2713
2682
2739
2665
2719
2743
2692
2673
2665
2722
2736
2661
2722
2663
2650
2667
2702
2709
2735
2679
2643
2683
2650
2666
2641
2635
2668
2661
2667
2726
2646
2705
2725
2645
2637
2631
2650
2667
2674
2674
2622
2623
2687
2682
2662
2653
2660
2701
2622
2681
2617
2619
2702
2672
2620
2641
2673
2693
2635
2608
2617
2626
2637
2636
2612
2660
2657
2624
2610
2609
2675
2643
2672
2598
2609
2587
2637
2585
2653
2648
2586
2675
2677
2640
2593
2627
2578
2610
2614
2655
2614
2604
2569
2654
2628
2607
2654
2611
2617
2607
2615
2576
2622
2571
2620
2624
2599
2586
2638
2649
2626
2638
2604
2581
2546
2595
2637
2576
2576
2558
2553
2622
2634
2580
2630
2626
2615
2626
2614
2620
2622
2596
2544
2549
2587
2535
2541
2594
2576
2572
2566
2610
2522
2570
2572
2563
2569
2569
2580
2564
2607
2582
2607
2521
2570
2569
2523
2560
2540
2521
2551
2579
2519
2586
2562
2533
2591
2507
2501
2493
2541
2517
2548
2521
2535
2571
2494
2499
2562
2532
2512
2527
2524
2511
2548
2501
2518
2501
2515
2504
2507
2518
2552
2494
2467
2508
2552
2541
2527
2482
2492
2512
2556
2468
2481
2460
2545
2487
2531
2545
2504
2492
2525
2479
2477
2446
2459
2453
2485
2530
2476
2481
2536
2535
2494
2468
2441
2501
2481
2494
2517
2437
2507
2479
2453
2495
2503
2489
2476
2495
2474
2427
2444
2499
2485
2434
2479
2435
2511
2455
2506
2478
2462
2463
2428
2416
2432
2501
2451
2422
2489
2457
2490
2413
2423
2416
2456
2440
2488
2442
2482
2440
2440
2449
2442
2449
2433
2445
2397
2462
2469
2444
2388
2406
2420
2471
2465
2373
2402
2416
2394
2372
2401
2388
2378
2418
2423
2422
2447
2407
2366
2432
2451
2395
2397
2439
2428
2431
2411
2371
2365
2367
2419
2408
2379
2411
2421
2399
2426
2364
2365
2409
2431
2345
2364
2423
2352
2360
2337
2382
2340
2369
2366
2392
2344
2355
2411
2410
2390
2394
2415
2373
2325
2393
2325
2412
2361
2351
2320
2357
2342
2396
2360
2329
2381
2313
2314
2374
2368
2305
2305
2299
2388
2304
2385
2333
2350
2343
2318
2346
2385
2331
2367
2326
2292
2347
2305
2338
2367
2290
2333
2354
2358
2345
2293
2279
2349
2323
2362
2367
2346
2356
2274
2353
2314
2354
2286
2333
2272
2352
2321
2323
2277
2303
2320
2267
2344
2305
2334
2257
2324
2269
2347
2287
2334
2310
2248
2340
2272
2332
2309
2289
2275
2261
2308
2282
2267
2309
2315
2242
2232
2304
2317
2243
2298
2273
2281
2256
2236
2319
2279
2228
2222
2304
2253
2272
2266
2286
2217
2226
2299
2252
2280
2275
2238
2242
2235
2292
2301
2217
2246
2226
2211
2243
2237
2199
2236
2274
2263
2275
2241
2271
2245
2212
2206
2208
2201
2188
2233
2264
2269
2258
2185
2236
2195
2205
2264
2254
2212
2189
2182
2219
2250
2222
2202
2240
2229
2166
2245
2203
2161
2240
2215
2236
2162
2223
2196
2240
2184
2151
2163
2159
2226
2168
2216
2177
2149
2242
2207
2166
2214
2235
2218
2207
2193
2225
2195
2139
2145
2214
2182
2131
2151
2145
2187
2176
2182
2196
2128
2172
2143
2216
2135
2156
2180
2123
2161
2135
2132
2181
2149
2166
2154
2136
2116
2109
2151
2103
2188
2112
2174
2146
2170
2147
2120
2131
2171
2163
2112
2180
2122
2090
2101
2095
2099
2089
2124
2179
2146
2095
2164
2129
2125
2092
2123
2144
2160
2098
2158
2128
2118
2151
2080
2165
2086
2125
2113
2076
2112
2117
2068
2065
2078
2114
2120
2111
2120
2136
2115
2056
2149
2141
2059
2114
2076
2091
2055
2094
2117
2131
2073
2040
2122
2081
2084
2060
2068
2111
2109
2113
2044
2080
2052
2121
2091
2048
2081
2067
2051
2050
2058
2043
2029
2061
2114
2111
2030
2098
2020
2060
2070
2100
2077
2032
2017
2094
2053
2023
2057
2041
2026
2072
2085
2007
2058
2071
2093
2048
1994
2048
2029
2006
2017
2018
2073
2075
2020
1997
1999
2042
2043
2039
2071
2023
1992
2061
2015
2016
2029
1985
2057
1983
2041
2049
2050
1986
1999
1987
2027
2022
2029
2044
1994
1976
2049
2008
1974
1989
2006
2033
2010
1980
2041
1957
2024
1952
2025
1984
1948
1990
1976
1984
2020
1999
1945
1995
1992
1981
1963
2009
1933
1948
1972
1995
1940
1928
1965
1958
1923
1970
1995
1967
1957
1950
1992
2004
1986
2008
1937
1920
1936
1992
1949
1950
1960
1939
1920
1936
1964
2000
1990
1992
1970
1926
1909
1968
1981
1956
1916
1938
1940
1953
1898
1964
1977
1957
1925
1892
1904
1937
1940
1935
1964
1968
1896
1924
1891
1956
1933
1916
1913
1893
1878
1875
1960
1949
1931
1958
1950
1925
1902
1867
1921
1870
1925
1860
1854
1873
1938
1936
1866
1899
1914
1854
1894
1897
1879
1893
1884
1845
1871
1861
1892
1866
1912
1876
1852
1895
1870
1903
1920
1845
1908
1866
1912
1897
1824
1846
1845
1874
1839
1863
1881
1875
1853
1896
1895
1875
1821
1853
1858
1811
1884
1874
1902
1827
1816
1814
1818
1855
1850
1841
1850
1880
1864
1834
1808
1839
1844
1866
1836
1794
1815
1846
1789
1801
1836
1835
1808
1833
1879
1806
1793
1859
1867
1850
1854
1856
1832
1854
1773
1778
1775
1781
1855
1862
1829
1848
1779
1830
1823
1854
1813
1804
1816
1760
1788
1831
1817
1787
1823
1770
1843
1766
1760
1808
1755
1821
1763
1794
1827
1778
1812
1741
1834
1799
1805
1748
1805
1795
1818
1760
1803
1780
1771
1824
1780
1765
1790
1815
1752
1720
1793
1720
1759
1799
1792
1735
1755
1722
1760
1770
1720
1777
1784
1748
1731
1763
1743
1793
1768
1716
1715
1734
1766
1741
1736
1749
1772
1715
1703
1717
1734
1690
1763
1734
1775
1695
1762
1738
1693
1683
1731
1737
1734
1677
1681
1752
1745
1684
1733
1750
1730
1689
1757
1741
1701
1755
1723
1710
1745
1692
1734
1741
1673
1706
1734
1699
1713
1745
1701
1728
1690
1745
1686
1646
1680
1678
1659
1702
1711
1687
1729
1697
1725
1729
1653
1666
1687
1699
1709
1650
1640
1661
1722
1696
1681
1708
1641
1669
1672
1666
1633
1643
1663
1707
1646
1636
1657
1630
1681
1612
1628
1609
1677
1684
1618
1612
1682
1613
1612
1656
1637
1634
1597
1654
1595
1680
1601
1686
1666
1634
1642
1634
1636
1593
1654
1586
1658
1655
1582
1626
1580
1664
1590
1623
1629
1609
1642
1630
1666
1662
1608
1605
1643
1580
1599
1580
1644
1585
1643
1610
1569
1603
1561
1651
1628
1619
1577
1617
1635
1606
1643
1623
1560
1623
1643
1590
1593
1620
1556
1566
1575
1541
1614
1614
1610
1616
1535
1554
1536
1539
1560
1597
1549
1617
1582
1531
1584
1591
1594
1565
1523
1611
1580
1586
1609
1589
1567
1526
1604
1539
1531
1596
1545
1537
1567
1579
1542
1558
1598
1558
1540
1557
1537
1590
1527
1591
1573
1518
1564
1518
1520
1568
1489
1508
1491
1559
1541
1567
1487
1507
1520
1511
1561
1516
1529
1519
1515
1475
1471
1521
1494
1525
1486
1532
1517
1477
1552
1471
1537
1524
1484
1493
1543
1508
1534
1469
1453
1462
1469
1466
1498
1489
1542
1480
1498
1493
1474
1493
1451
1537
1482
1445
1488
1441
1441
1443
1441
1518
1439
1524
1464
1489
1497
1454
1481
1498
1438
1444
1485
1510
1493
1417
1428
1455
1462
1491
1412
1441
1418
1479
1484
1461
1464
1456
1471
1485
1419
1486
1419
1416
1425
1450
1402
1478
1405
1480
1452
1402
1421
1430
1422
1458
1422
1423
1418
1395
1432
1410
1476
1425
1414
1417
1419
1439
1391
1447
1448
1382
1408
1439
1424
1394
1452
1423
1451
1388
1399
1402
1379
1378
1435
1365
1419
1373
1415
1429
1430
1396
1363
1380
1376
1387
1380
1392
1376
1413
1420
1380
1358
1389
1429
1341
1414
1411
1379
1347
1393
1392
1420
1348
1414
1344
1376
1347
1383
1328
1348
1324
1377
1372
1344
1392
1350
1396
1374
1389
1329
1350
1324
1323
1314
1400
1315
1307
1372
1399
1313
1350
1333
1398
1343
1305
1391
1372
1329
1375
1324
1321
1310
1355
1382
1311
1290
1286
1340
1324
1293
1371
1365
1353
1338
1302
1368
1281
1314
1356
1282
1318
1367
1293
1276
1346
1291
1312
1299
1300
1328
1323
1337
1327
1320
1280
1260
1346
1310
1280
1287
1252
1296
1281
1274
1287
1342
1284
1305
1328
1325
1276
1318
1250
1247
1308
1323
1313
1272
1275
1283
1283
1247
1229
1301
1259
1268
1239
1225
1257
1307
1311
1234
1293
1255
1272
1265
1233
1261
1285
1260
1249
1248
1308
1265
1303
1258
1262
1294
1260
1241
1208
1274
1252
1218
1217
1214
1269
1285
1248
1221
1193
1197
1222
1264
1244
1229
1261
1202
1273
1193
1198
1256
1272
1269
1251
1266
1253
1238
1243
1176
1190
1184
1197
1234
1212
1167
1241
1242
1171
1238
1224
1182
1219
1255
1251
1161
1163
1161
1204
1166
1188
1159
1152
1173
1178
1162
1200
1190
1200
1218
1174
1195
1143
1235
1194
1138
1155
1183
1149
1203
1178
1143
1132
1210
1192
1187
1163
1194
1173
1206
1200
1146
1192
1185
1192
1139
1159
1123
1208
1126
1157
1204
1149
1117
1204
1107
1130
1168
1106
1103
1184
1165
1181
1112
1155
1185
1158
1128
1098
1127
1185
1178
1123
1154
1088
1101
1085
1149
1102
1122
1163
1103
1160
1086
1098
1163
1148
1158
1157
1145
1089
1131
1097
1081
1138
1121
1092
1098
1078
1159
1147
1157
1150
1126
1069
1057
1143
1069
1055
1100
1093
1088
1104
1135
1105
1075
1072
1067
1100
1076
1114
1078
1116
1077
1095
1039
1101
1100
1080
1104
1073
1056
1049
1068
1040
1031
1041
1046
1097
1037
1033
1065
1055
1109
1054
1092
1106
1056
1056
1041
1025
1092
1016
1037
1012
1019
1007
1041
1052
1054
1041
1008
999
1060
1021
1025
1045
1032
1047
1024
1090
1015
1043
1078
1005
1066
1078
992
987
1075
1009
1075
1045
1015
1071
1058
1047
1000
979
1010
985
1006
1054
972
1047
976
1003
976
1000
973
1031
1016
1019
976
1009
957
1032
991
967
1020
986
1049
1024
962
974
996
1020
967
1013
1033
992
1017
990
964
953
944
963
989
939
993
939
983
1023
1010
1016
988
981
940
1011
942
951
978
995
996
1016
942
985
1012
1006
930
911
950
909
934
983
912
945
919
1001
916
969
930
972
968
921
921
954
962
898
953
932
910
931
949
923
896
936
978
897
882
958
931
967
962
937
916
944
934
963
916
894
873
962
907
884
940
895
876
878
931
865
904
860
954
936
894
877
876
908
852
892
899
914
871
881
851
930
901
893
852
933
893
852
872
862
923
861
866
909
931
854
853
860
897
918
852
913
870
876
915
889
887
852
895
856
894
885
882
901
844
883
893
872
871
887
844
865
890
846
840
880
808
857
838
867
874
893
882
833
878
886
881
862
798
824
827
880
840
845
847
866
865
817
789
813
795
860
783
817
791
812
784
855
857
770
801
830
780
769
829
825
830
783
789
844
761
809
789
785
819
769
828
818
835
802
787
748
818
758
819
839
771
767
774
813
748
816
737
736
758
788
817
738
744
737
781
824
814
774
749
786
812
758
787
717
773
810
797
803
803
786
713
781
739
775
784
793
780
711
728
722
765
730
759
723
763
723
742
729
775
696
709
761
696
766
778
708
780
780
760
732
760
698
678
692
713
714
767
750
722
747
765
705
708
722
743
744
701
758
726
707
697
722
693
709
698
695
695
667
690
734
737
742
700
742
727
723
671
648
648
729
675
694
704
736
717
669
638
712
714
663
720
643
634
660
662
649
667
716
627
670
652
628
633
638
619
630
641
653
644
632
653
672
665
630
644
688
636
617
618
644
689
645
627
597
641
693
645
628
679
606
656
684
630
616
636
596
605
644
669
636
618
636
658
645
647
596
627
655
634
628
624
649
570
614
570
661
600
616
605
568
659
615
566
591
637
648
584
560
566
554
646
579
579
598
559
589
553
580
566
589
553
597
544
636
600
613
633
554
562
604
623
626
533
564
587
527
584
592
562
561
596
568
542
538
565
602
576
603
550
513
599
553
570
577
514
547
588
584
514
532
524
499
514
590
506
558
560
550
562
579
518
569
548
507
529
550
555
576
575
542
529
506
565
503
490
541
553
522
510
550
510
521
525
523
558
492
561
527
523
542
546
471
507
462
546
501
483
477
479
522
518
449
520
504
506
496
464
466
519
476
522
530
529
487
471
520
467
448
484
497
529
518
521
458
456
524
515
515
500
482
454
465
438
505
431
461
497
418
428
435
483
416
409
471
419
418
478
418
468
425
417
480
486
474
442
479
462
465
442
395
444
433
441
433
437
412
406
452
395
445
472
478
445
468
451
412
428
440
449
419
420
434
433
394
422
460
406
366
405
369
453
443
422
422
433
357
410
391
421
397
419
419
428
424
354
443
423
369
390
353
371
413
344
340
336
399
372
364
361
416
395
368
422
417
371
422
367
395
397
414
391
416
351
360
392
386
371
318
409
346
333
393
337
315
389
307
388
373
396
343
332
385
339
338
305
352
389
355
354
389
353
354
313
313
366
291
357
368
346
346
349
371
309
320
294
336
319
364
361
297
320
355
278
310
332
317
296
309
277
299
344
335
353
265
326
278
279
302
291
300
325
291
310
257
257
334
314
263
322
293
310
275
298
336
268
252
278
259
307
249
307
308
308
293
310
289
301
315
229
224
317
293
281
286
279
289
286
306
297
281
252
247
274
278
301
291
286
269
230
300
277
232
224
262
252
206
229
274
254
203
277
238
237
225
267
220
280
233
281
247
186
205
183
190
206
208
237
214
262
208
263
257
207
241
265
248
247
255
180
240
186
167
235
211
172
245
198
245
226
174
241
191
221
151
204
161
219
194
186
228
223
232
162
151
211
229
202
152
194
136
197
146
142
191
219
143
125
211
159
213
182
176
132
211
212
122
125
168
166
204
167
159
174
157
140
155
202
191
120
192
108
162
101
101
106
141
124
158
177
143
131
133
160
168
178
153
131
121
117
101
136
93
129
128
101
127
87
160
100
169
106
160
127
87
151
88
106
126
129
102
103
109
151
156
144
57
61
103
139
91
73
76
85
68
63
67
99
111
132
79
61
67
73
105
48
60
121
118
62
72
124
81
108
31
88
86
29
59
63
71
34
81
93
95
84
77
46
68
30
19
37
67
37
106
10
27
86
101
93
11
42
66
80
56
49
58
74
53
42
79
55
46
55
60
42
64
39
58
41
64
38
65
48
70
65
35
60
39
67
37
27
32
59
40
51
40
25
49
46
17
24
45
32
41
36
26
10
27
12
1
