2197
1034
6523
5892
6962
9878
6171
3474
4173
9103
8723
6210
2029
4907
6512
3203
9323
9849
5365
154
9713
3075
9787
6977
3886
8868
8140
7940
7521
1919
5920
2110
4597
5951
732
338
7577
3464
3470
1275
8259
8294
6359
2985
5669
9371
52
8607
286
3631
8729
4212
7096
8388
4318
4510
3487
8629
8339
7388
1849
2672
2670
1393
893
428
8524
1225
4151
2110
6374
5055
8912
1638
8169
4059
3922
8228
7232
8961
9597
1684
508
544
179
1787
2472
1119
3326
9811
9907
1770
8935
685
2041
5794
5671
7641
1065
2257
617
7236
3933
4782
4754
1599
7525
9816
4554
6463
5745
5473
7876
8079
8935
6746
570
9480
3112
5427
8708
6701
8948
3344
219
8576
8182
5696
8831
9493
8188
7213
2706
3099
3804
7601
9921
6380
9202
4334
3030
7745
1586
219
5359
9802
2792
380
2382
7353
4493
8278
2560
3826
7661
3259
3357
4799
7139
2705
9812
5608
7782
348
4989
1105
9455
8546
3910
9549
4392
6403
5178
9359
1874
7487
7372
6990
2041
621
528
6531
2717
4700
6539
6820
605
3834
6143
9823
932
2246
4326
4828
7670
9295
416
6614
9858
3754
3937
2150
8208
3058
2361
9631
170
7607
2317
5683
965
2409
1509
1433
2675
8366
4633
5796
3454
3326
2922
4818
4122
8644
3580
9201
9998
462
2360
8242
1687
6176
9789
7328
9700
5604
9136
7867
4305
3297
2142
3066
3795
3096
6703
329
1499
8559
9267
1211
4260
3213
3507
2835
2887
2714
6010
483
8120
6936
9156
9676
4016
3792
1177
7447
4361
8134
3426
6782
6698
8494
5326
5211
2854
1603
8161
8396
4505
9634
9902
2238
7208
7966
4596
2484
6594
1852
1507
9125
5982
8882
1143
3973
5515
323
7592
3705
9137
8562
9182
7431
7180
9696
2355
7324
9181
62
6896
3275
3643
2982
4145
7634
8883
7322
3686
4121
1870
2618
8147
5772
5
6439
203
371
4151
8444
655
8261
9938
2147
1550
6640
8317
9799
3701
6487
5675
7975
3672
3127
8442
1489
1346
9109
7022
1066
5488
8529
9175
5828
1416
5256
3472
5130
1805
3596
9379
5496
8972
8847
1646
7516
4539
6941
3230
4435
297
6903
2726
8857
2296
7193
9459
6505
8705
7198
1781
6298
849
8094
1873
4138
5944
3087
3413
3754
9545
5664
6844
1701
5489
5888
628
5189
1184
9001
5921
807
6524
7642
6349
9391
5411
8844
4228
7302
9878
9625
9489
7217
8161
495
7805
2136
9727
4453
9988
4789
2185
194
5577
871
7344
2127
9741
8608
6214
6551
4091
9033
5681
2880
8820
1075
2786
1144
5702
3037
6072
2178
8910
7389
7280
4879
3364
8926
861
5709
8372
7293
3196
9209
7693
3628
8220
4736
5846
7660
1218
3824
4463
5978
7966
4650
1810
4378
2105
4905
3205
7220
9660
2071
4
4527
5944
545
63
3219
6770
8372
3141
2304
2799
2446
587
3107
3199
9943
9817
4702
2309
5483
609
1594
957
8079
2021
5384
2261
9240
5876
4671
273
3821
5184
7764
8685
8126
3608
920
5930
5618
5157
742
2506
9163
1631
3178
6117
144
9048
3088
293
9052
3265
7760
2590
9138
9320
4946
9144
4626
8622
984
3414
7612
3079
7431
8248
3271
5474
5214
2102
1275
951
3805
2161
2440
5373
9154
9416
3528
2465
8193
3333
9849
3160
9617
6632
4885
7373
334
3935
8455
556
4495
1552
165
4792
7330
9505
2825
6973
9157
1059
1313
4607
5874
9478
5996
3232
1005
6498
6191
8038
939
2116
8417
6333
9406
668
6204
6782
9389
3896
3092
5952
736
7734
8109
2659
9508
5874
3512
5828
761
9816
7845
2153
9912
2087
3485
5699
9070
6576
6759
2785
3821
7518
455
1959
2807
6574
3057
717
7170
5659
6434
7691
9407
1682
3846
1509
1537
8231
3116
5245
584
8354
5616
8436
5362
2074
308
7029
2273
2034
3508
5286
9430
770
9254
2669
7778
3497
2222
3052
5106
1021
4965
3203
3833
8401
3927
2426
6287
6329
4164
5485
1817
3854
1000
6515
8550
3017
7922
2443
8831
8273
3977
693
1481
6125
621
7373
5890
3331
7541
9001
2646
5230
9313
2923
2929
9278
9913
9006
4199
2713
104
7939
2872
7421
3490
9542
5587
9533
640
7822
9472
6069
7094
8237
8339
6025
317
6582
6168
8702
2661
8250
1411
7781
2305
1230
5662
5691
1751
6119
8066
9137
3991
1695
2469
3319
9700
5148
7765
9317
4942
1908
3144
6425
7791
1241
9040
8764
3986
232
1425
3440
6281
595
1839
5704
9526
9899
8014
5108
3640
1166
302
5478
9668
2615
7227
689
9850
2326
9459
7682
1281
995
5230
7926
4125
9627
1822
8655
9587
8003
7105
5559
9894
4075
2343
9355
2374
4047
2447
9692
2399
7842
2721
1152
5442
4904
1747
7789
6766
818
8529
4600
8391
6134
8260
6590
6897
4926
5145
8700
2327
2145
2617
2738
8033
5606
956
708
3618
580
9864
7406
8339
2395
8814
9034
276
5186
1203
8715
7373
3000
9220
4246
91
2824
5125
8225
1769
7789
1222
5748
2090
2796
5172
298
1012
4116
9484
4148
5453
9141
4069
5614
8631
2382
8519
1869
2460
9071
6432
2630
6689
8262
7560
7035
4590
3213
4786
3278
3887
7999
2039
8169
3370
5809
6125
1681
174
6182
153
9757
59
5556
8738
7187
3174
7934
5503
1192
798
233
1517
5498
4316
9900
9264
4165
6302
793
494
4192
4997
6974
7883
6016
7702
3070
9812
1425
5634
4164
4765
9108
2655
7783
6872
9103
2965
5513
6931
8740
8292
1978
3877
4305
3441
4495
131
4658
142
7599
496
5258
3064
2784
8369
3692
8597
5324
4883
649
6520
6836
6342
3558
7057
4358
2768
3556
969
4173
5747
371
8318
1318
6856
3794
2324
3800
8946
4901
8339
3904
1253
4972
4394
7656
5962
5114
8969
7494
8147
5027
3723
2525
3282
5035
3735
5342
6478
1552
5486
4318
5444
2481
3310
5544
4811
5690
8293
9126
2880
688
9744
421
3148
