numberOfIterations,mergeSort,quickSort
1,43208,35500
2,38042,28667
3,36417,26750
4,36208,27708
5,35667,26625
6,36834,26667
7,35959,27000
8,36500,26292
9,35667,27167
10,35833,26375
11,37042,26958
12,36167,26666
13,36000,26792
14,35584,26958
15,36125,26458
16,35958,26542
17,35958,26708
18,35667,27208
19,35959,26708
20,36375,26584
21,35916,27125
22,35958,26833
23,35250,27167
24,36083,26709
25,35667,26833
26,37458,27000
27,35583,26333
28,36375,26958
29,21916,27792
30,20917,27125
31,19958,29542
32,21000,19875
33,22083,16666
34,17792,16250
35,17583,16500
36,17417,22417
37,16250,14000
38,12166,13500
39,13709,13459
40,12500,13750
41,12042,13792
42,12292,13417
43,12041,13709
44,12125,13500
45,11916,13792
46,12000,13875
47,13333,15042
48,12000,13625
49,12000,13417
50,11959,13625
51,11875,13542
52,12250,13709
53,12000,13625
54,12084,13541
55,12708,13708
56,12041,13833
57,12000,13584
58,12000,13666
59,12000,13667
60,11917,14000
61,11958,13917
62,12334,13459
63,12333,13667
64,12042,13500
65,12041,13542
66,12042,13584
67,12041,13584
68,12333,14000
69,12417,13541
70,11959,13584
71,12375,13542
72,12041,13584
73,12375,13459
74,12041,13834
75,11917,13833
76,11916,13667
77,11833,13542
78,12875,13625
79,11958,13583
80,12000,13417
81,12250,13667
82,11917,13541
83,13875,13875
84,12000,13875
85,12000,13625
86,11959,13583
87,12041,13875
88,11917,13500
89,12334,13500
90,12167,13583
91,12000,13709
92,12000,13500
93,11958,13959
94,12333,13583
95,12042,13458
96,12167,13875
97,12041,13584
98,12583,13625
99,12000,13834
100,11959,13458
101,11959,13666
102,12041,13834
103,12000,13625
104,12333,13500
105,11958,13583
106,12042,13958
107,11958,13750
108,12083,13583
109,11917,13625
110,12334,13541
111,12083,13500
112,12208,13708
113,12041,13584
114,12291,13750
115,11959,13750
116,11958,13750
117,11959,13666
118,11958,14875
119,12084,13500
120,11584,12958
121,11584,12958
122,11834,19708
123,12041,13583
124,11916,13542
125,16666,15792
126,13791,14292
127,12667,15833
128,12083,13875
129,12458,13791
130,11958,13459
131,12250,13666
132,12000,13750
133,12042,13541
134,12000,13666
135,12542,13541
136,12041,13542
137,12084,13791
138,12084,13458
139,12000,13833
140,11917,13500
141,12375,13708
142,11958,13750
143,12084,13541
144,12042,13458
145,12166,13792
146,11500,13042
147,11541,13042
148,11625,13042
149,11500,13125
150,11584,13208
151,11542,13083
152,11958,13292
153,11542,13083
154,11583,13084
155,12000,13209
156,14792,13292
157,13000,13875
158,12000,13500
159,12041,13542
160,11958,13750
161,12000,13458
162,12083,13584
163,12083,13875
164,11833,13625
165,12042,13542
166,14167,13542
167,12000,15167
168,11875,13750
169,12125,13667
170,11791,13417
171,12042,13542
172,12167,13333
173,12167,13625
174,12083,13625
175,11958,13584
176,12375,13750
177,11875,13792
178,11542,13708
179,11625,13125
180,11708,13042
181,11500,13042
182,11625,13333
183,11625,13542
184,11792,13083
185,11541,13083
186,11583,13084
187,11875,13083
188,11584,13083
189,11625,13125
190,11500,13333
191,11458,13334
192,11667,13333
193,12250,13833
194,11959,13583
195,12000,13792
196,13209,13583
197,12333,13417
198,12334,13542
199,12000,13709
200,11917,13583
201,12000,13709
202,12875,15458
203,13250,14958
204,13666,15459
205,11916,13625
206,12083,13791
207,12375,13500
208,11542,13708
209,11584,12791
210,11500,13208
211,11583,13042
212,11875,13083
213,11625,13000
214,11875,13292
215,11583,13084
216,11667,13292
217,11584,13250
218,11917,13125
219,11667,13042
220,11625,13291
221,11500,13167
222,11666,13792
223,11542,13167
224,11541,13125
225,11709,13125
226,11875,13083
227,11750,13125
228,12041,13084
229,11709,13166
230,11625,13083
231,11625,13041
232,11500,13000
233,11667,13041
234,11541,13334
235,11792,13125
236,11791,14167
237,11917,13708
238,12125,13375
239,11709,13375
240,11792,13250
241,12125,13333
242,12125,13375
243,11750,13458
244,12000,13542
245,11750,13291
246,11625,13166
247,11667,12958
248,11625,13125
249,11875,12958
250,11542,13209
251,12333,15042
252,11958,13709
253,11708,13708
254,11583,13459
255,12291,13250
256,12292,13792
257,19917,16125
258,11459,13708
259,12125,14875
260,11250,13708
261,10791,13916
262,10917,13125
263,10917,13375
264,10750,13625
265,10875,13500
266,10833,13334
267,10792,13541
268,11041,13542
269,11250,13334
270,10959,13166
271,10792,13166
272,10917,13333
273,10791,13125
274,10792,13166
275,14792,13208
276,10792,13417
277,10708,12958
278,10750,13208
279,10791,13250
280,11083,13166
281,10792,13333
282,10750,13208
283,10833,13292
284,10750,13041
285,10792,13000
286,10666,13542
287,10833,13125
288,10750,12875
289,10791,13167
290,11167,13041
291,10834,13458
292,10708,13416
293,10875,13334
294,10834,13166
295,11166,13834
296,11083,13583
297,11042,13584
298,11291,13375
299,11125,13667
300,11250,13583
301,10708,13167
302,10708,13125
303,10833,13166
304,10708,13083
305,10750,13500
306,10667,13458
307,10792,13167
308,10667,13000
309,10666,13042
310,10625,13208
311,11083,13000
312,10584,13125
313,10708,13125
314,16542,13334
315,12333,16125
316,12084,16250
317,13542,15541
318,13083,14667
319,12208,15667
320,11958,15333
321,13750,15542
322,13167,14583
323,11917,15667
324,12209,15459
325,13375,4417
326,13292,3458
327,12167,3792
328,11750,3834
329,13333,3750
330,13084,2667
331,12458,3916
332,15834,3916
333,13208,3667
334,56583,2625
335,12375,3792
336,12167,4250
337,13584,4083
338,13833,3542
339,12209,4208
340,12208,4250
341,13000,3667
342,13667,2625
343,11958,4042
344,12167,3500
345,13709,4125
346,13667,3125
347,12250,4291
348,12333,4209
349,13750,4125
350,13500,2833
351,12250,4208
352,12458,5459
353,13542,3875
354,12250,5792
355,12167,4125
356,13375,4083
357,13250,2708
358,12292,4250
359,12416,3875
360,13666,4334
361,13500,2833
362,12375,3750
363,12292,3791
364,13333,3667
365,13541,2542
366,12084,3667
367,12000,4125
368,13500,4000
369,13541,2708
370,12375,4333
371,12166,4209
372,13208,5417
373,13667,2708
374,12291,3917
375,12083,4084
376,13375,4208
377,13541,3000
378,12125,4209
379,12166,4375
380,13583,4084
381,13208,2667
382,12583,4084
383,12541,3833
384,14250,4167
385,13875,3167
386,12875,4625
387,12541,4292
388,17083,4542
389,14000,3167
390,12792,4208
391,13750,4083
392,14042,4125
393,15792,3041
394,13542,4375
395,14125,4083
396,14209,3041
397,12750,4584
398,12542,4250
399,14042,4416
400,14542,2917
401,12583,4125
402,12875,4458
403,12375,4208
404,13958,3000
405,12250,4292
406,12375,4125
407,13208,4375
408,13750,2709
409,12167,4000
410,12000,4125
411,13625,5625
412,13542,3167
413,12250,4417
414,12708,4333
415,13875,4709
416,14250,2875
417,12208,4459
418,12333,4458
419,13792,4625
420,13542,2916
421,12208,4459
422,12416,4667
423,13667,4083
424,14041,2917
425,12625,4083
426,12292,4291
427,13875,4292
428,13375,3166
429,12084,4208
430,12333,4334
431,14167,5500
432,18125,2917
433,12333,4167
434,12084,4333
435,13916,24500
436,13542,2916
437,12000,4250
438,12250,4125
439,13708,4250
440,13583,2958
441,12041,4042
442,12084,3958
443,13375,3958
444,11833,4542
445,12166,4000
446,13375,3833
447,13417,2625
448,12125,4083
449,11958,4125
450,14959,4208
451,13417,2875
452,11917,4292
453,12208,4042
454,12000,3917
455,13708,4083
456,12500,4417
457,12250,3792
458,13542,4000
459,13459,2666
460,11958,3875
461,12084,4041
462,13375,3875
463,13375,2792
464,11917,4083
465,12084,4125
466,13625,4292
467,13416,2667
468,12208,3917
469,11958,3625
470,13084,5208
471,13291,2792
472,16375,3886417
473,11875,2625
474,11583,1917
475,11292,1500
476,12375,2375
477,11417,1875
478,11375,1792
479,11500,2084
480,11791,1917
481,11584,2041
482,11500,1750
483,14500,2708
484,13167,5416
485,12750,5458
486,15958,4584
487,14708,3375
488,13084,5459
489,11333,3166
490,11209,1750
491,11666,1709
492,11250,2000
493,11125,2042
494,11208,1792
495,11250,1750
496,11125,1583
497,11833,1834
498,11166,1625
499,11375,1625
500,10708,1625
501,10791,1667
502,10875,1625
503,10667,1542
504,11084,1875
505,10791,1667
506,10625,1583
507,11166,1416
508,10875,2084
509,10792,1750
510,10792,1666
511,11958,1959
512,11291,2000
513,11250,2000
514,11125,2084
515,11083,1542
516,11167,1458
517,11166,1708
518,11541,1917
519,11042,1833
520,11208,1750
521,11125,1792
522,11208,1875
523,11125,1834
524,11250,2333
525,11208,1750
526,11083,1584
527,11208,1542
528,11583,1709
529,11167,1708
530,11459,1833
531,11125,3375
532,11250,1792
533,11125,1750
534,11250,1916
535,11208,2041
536,11166,1750
537,11083,1791
538,11500,2084
539,11167,1708
540,11083,1958
541,11333,1584
542,11000,1792
543,11208,1750
544,11167,1792
545,11250,1625
546,11208,2125
547,11167,1583
548,11250,1959
549,11708,1791
550,11958,1500
551,10709,1875
552,10833,1875
553,10708,1500
554,10709,1667
555,10708,1625
556,10750,2042
557,10917,1667
558,10833,1542
559,11125,1500
560,10709,1542
561,10875,1458
562,10875,1541
563,10667,1542
564,10791,1791
565,10750,1833
566,10708,1584
567,10750,1541
568,10875,1542
569,11167,1542
570,11500,1958
571,10833,1459
572,10792,2042
573,10750,1583
574,10667,2334
575,10791,1833
576,10875,1500
577,10875,1584
578,10708,1958
579,10792,1708
580,11166,1541
581,10750,1708
582,10667,1833
583,10792,1750
584,10792,1500
585,10958,1542
586,10750,1917
587,10875,1500
588,10833,1833
589,10750,1667
590,11167,3042
591,10833,1833
592,10791,1625
593,10709,1500
594,10750,1667
595,10791,1750
596,10792,1500
597,10834,1625
598,10750,1541
599,11958,3250
600,12250,4042
601,12667,4000
602,13000,2667
603,10708,3583
604,10667,1500
605,10667,1750
606,10833,1625
607,10834,2000
608,10750,1750
609,11042,2667
610,10750,1875
611,11042,1625
612,10792,1500
613,10792,1833
614,10792,2542
615,10750,1583
616,10792,1833
617,10833,1833
618,10709,1750
619,10833,1541
620,11000,1584
621,11166,1750
622,10792,1500
623,10750,1541
624,10833,1666
625,10791,1667
626,10834,1792
627,10750,1541
628,10792,1833
629,11834,2250
630,10791,1666
631,11083,1667
632,10917,2209
633,10667,1750
634,10875,1458
635,10750,1625
636,10792,1583
637,10917,1458
638,10792,1584
639,10667,2000
640,10625,1583
641,11666,2125
642,11542,2041
643,11333,1834
644,11084,1833
645,11208,1666
646,11208,1541
647,11292,2167
648,11209,1750
649,11167,2625
650,11083,1792
651,11084,1958
652,11625,1709
653,11166,2292
654,11208,1958
655,11333,1625
656,11083,1792
657,11166,2041
658,11250,1625
659,11250,1834
660,12458,3083
661,13458,7542
662,13625,3041
663,12875,4000
664,12166,3791
665,13833,4084
666,13167,3125
667,12416,4292
668,12417,3667
669,13333,5417
670,12084,4458
671,11958,3542
672,12958,3708
673,13083,2875
674,11917,3792
675,11959,4000
676,13292,3458
677,12792,2459
678,11709,4500
679,11917,3667
680,12958,3750
681,12708,2250
682,11958,3375
683,12166,3875
684,12666,3916
685,13458,2750
686,11834,3833
687,12000,3708
688,13417,3625
689,12916,2791
690,11834,4417
691,11541,3416
692,12833,3250
693,13125,2583
694,12000,3584
695,11667,3959
696,13000,3125
697,12959,2958
698,12291,3583
699,11625,4083
700,13667,4250
701,12625,3000
702,12166,3416
703,11584,4167
704,13375,3667
705,13291,2875
706,11625,3416
707,12125,3958
708,12958,5167
709,12792,2417
710,12208,3708
711,11666,3375
712,12666,4041
713,12667,2375
714,11084,4000
715,10791,1375
716,10833,1667
717,10875,1625
718,10834,1500
719,10917,1625
720,10917,1584
721,10708,1542
722,10875,1583
723,10833,1666
724,10834,1542
725,11083,1667
726,10792,1667
727,10959,1542
728,10708,2000
729,10666,1666
730,10750,1625
731,10834,1583
732,10917,1500
733,12000,1500
734,12208,3250
735,12208,3500
736,13250,3542
737,12959,2542
738,11833,3833
739,11791,4125
740,12834,3583
741,12458,2417
742,12250,3250
743,11708,3334
744,13083,4084
745,13042,2708
746,11542,3542
747,12458,3667
748,13875,3875
749,13417,2667
750,11875,4292
751,11667,3542
752,12959,4667
753,12750,2625
754,12375,3916
755,11834,3750
756,13209,6750
757,12708,2667
758,11791,3875
759,11917,4208
760,12958,3833
761,12834,3000
762,11584,3583
763,11792,4875
764,12875,3792
765,12666,2291
766,12834,3958
767,11792,3875
768,12959,3292
769,12833,2250
770,11916,3750
771,11750,3375
772,13000,3541
773,12916,2333
774,12084,3958
775,12083,3584
776,13500,3625
777,12625,2250
778,11916,3625
779,11917,3333
780,12916,3541
781,12541,2250
782,11625,3833
783,11625,3583
784,12708,4083
785,12833,2500
786,11833,3709
787,13125,5250
788,12708,2708
789,11916,3625
790,11583,3666
791,10834,2375
792,10833,1917
793,10709,1458
794,10833,1542
795,10875,1708
796,10834,1583
797,11167,1792
798,10792,1500
799,10833,1584
800,10875,1500
801,10917,1542
802,10875,1542
803,10833,1666
804,10792,1458
805,10875,1542
806,11250,1958
807,11291,1541
808,10709,1583
809,10750,1417
810,12125,2792
811,13000,3583
812,13125,2625
813,11834,3042
814,11792,3875
815,11625,4375
816,13250,3667
817,12708,2334
818,12209,3458
819,12125,3292
820,12917,3667
821,12375,2458
822,11833,3959
823,11750,3125
824,13667,3583
825,12583,2500
826,11917,5584
827,13084,4083
828,13125,2250
829,11959,3667
830,11709,3500
831,13625,3125
832,12583,2417
833,11667,3333
834,11834,4000
835,13292,3708
836,12750,2417
837,12042,3375
838,12333,4041
839,13000,3791
840,13042,2500
841,11958,3375
842,12084,3958
843,13167,4000
844,13042,2459
845,11958,3292
846,12000,4208
847,12750,3583
848,12667,2542
849,12167,3458
850,11792,3667
851,13459,3750
852,12541,2833
853,11958,3791
854,11875,3417
855,13250,3917
856,12959,2833
857,11750,3417
858,12750,3708
859,13042,3542
860,13000,2541
861,11750,3875
862,11583,3250
863,12958,3959
864,13209,2417
865,12625,3666
866,12208,3250
867,12875,3708
868,12666,2625
869,12292,3292
870,12000,3833
871,12958,3416
872,12875,2292
873,11875,3459
874,11625,3500
875,13166,3750
876,12459,2583
877,12333,3250
878,11417,3792
879,12750,4292
880,13416,2625
881,11958,3500
882,11667,3708
883,13083,3500
884,12625,2542
885,11916,3916
886,12000,3708
887,12584,4083
888,13375,2750
889,12083,3250
890,12834,3875
891,14541,4250
892,13584,3083
893,11750,3583
894,12250,4167
895,12875,3708
896,12625,3292
897,12209,3167
898,11750,3292
899,12667,3583
900,12917,2834
901,12000,3584
902,11666,3709
903,12792,4083
904,13209,2542
905,11042,3375
906,11167,2041
907,11125,2292
908,11208,1542
909,10875,1541
910,10916,1583
911,11208,1500
912,10875,1542
913,10708,1500
914,10833,1584
915,10834,1708
916,10666,1625
917,10667,1458
918,10583,1459
919,10834,1708
920,10875,1750
921,11208,1500
922,10875,1583
923,10833,1458
924,11500,1583
925,10792,1625
926,10625,1417
927,10750,1833
928,10958,1459
929,10792,1584
930,10875,1542
931,11250,1584
932,10792,1500
933,10833,1500
934,10916,1875
935,10875,1500
936,10834,1542
937,10875,1542
938,10792,1542
939,10833,1542
940,10833,1541
941,10833,1542
942,11250,1625
943,68458,1500
944,11291,4666
945,10959,1583
946,10750,1458
947,10834,1500
948,10875,2167
949,10875,1625
950,10791,1625
951,10917,1458
952,11250,1667
953,10917,1542
954,10875,1500
955,10791,1750
956,10834,1500
957,10917,1583
958,10875,1709
959,10708,1542
960,10792,1833
961,10917,1542
962,11250,1500
963,10875,1791
964,10833,2292
965,10709,1458
966,10917,1417
967,10792,1542
968,10875,1584
969,10875,1750
970,10833,1542
971,10792,1583
972,10750,1542
973,11167,1542
974,10875,1458
975,10875,1500
976,10791,1500
977,10875,1541
978,10834,1500
979,10834,1625
980,10875,1708
981,10792,1542
982,10917,1542
983,13000,1500
984,12083,4041
985,12166,3541
986,12833,3334
987,12667,2417
988,12084,3917
989,11834,3958
990,12917,3500
991,13084,2625
992,11667,3417
993,12042,3500
994,12625,3542
995,13375,2750
996,11708,3750
997,11917,4084
998,12917,3417
999,13209,2500
1000,11958,3667
