numberOfIterations,mergeSort,quickSort
1,668542,24053208
2,394875,19461166
3,369208,20426500
4,250208,16998583
5,230125,11101833
6,502875,10583458
7,378334,28658125
8,105042,19971375
9,122958,14251167
10,74542,13401125
11,75792,10133000
12,73042,8631167
13,77625,9636625
14,73000,8666500
15,74209,9548041
16,71959,8678250
17,206334,36711542
18,329333,31860916
19,198250,24512000
20,211167,25847959
21,73000,18940042
22,68291,9832917
23,73542,8846292
24,77834,8858708
25,77125,10283417
26,73000,8594958
27,77375,8533417
28,78167,9439416
29,72333,8560667
30,70292,8591875
31,183875,11311250
32,72791,9057292
33,73792,9212833
34,76209,9133750
35,75583,8579542
36,73166,8593584
37,74250,9422417
38,72417,8592959
39,75500,9172833
40,71542,8619417
41,73375,8565583
42,76875,9366083
43,72834,8648875
44,73250,8566875
45,76042,9628916
46,72167,8604208
47,72875,8582292
48,80708,9428333
49,72708,8626084
50,78167,8482708
51,80375,9408125
52,74417,8702417
53,77583,9323167
54,71416,8710958
55,74416,8624458
56,76625,9321375
57,76333,8666750
58,75875,8602833
59,76292,9284667
60,73750,8592667
61,71333,8632333
62,76708,8954792
63,79625,8522041
64,71125,8471750
65,73125,9699500
66,72209,8583042
67,72167,9296416
68,72791,8606083
69,83291,8657417
70,73667,9278166
71,72709,8693875
72,71208,8552416
73,77209,9283417
74,74250,8632417
75,77708,8603125
76,75834,11505500
77,127042,9096583
78,71000,8517541
79,73042,9432833
80,72959,8536792
81,74958,8517625
82,73667,9275750
83,74250,8586083
84,84750,9393750
85,71791,8583833
86,73792,8583083
87,78167,9446250
88,71125,8640791
89,72875,8672667
90,77167,9335709
91,75125,8652208
92,80333,8592667
93,73208,9317417
94,73542,8571458
95,78458,8603833
96,73250,9451292
97,74708,8555416
98,77791,9275125
99,71291,8593500
100,71875,8547667
101,78167,9144250
102,71042,8600125
103,70833,8572791
104,74250,9415333
105,73625,8607916
106,79208,8575625
107,79833,9322834
108,74792,8843959
109,73625,8594958
110,72500,9342500
111,72250,8569375
112,71167,9428541
113,74625,8629167
114,71208,8642584
115,77792,9181958
116,74958,8639084
117,75042,8549709
118,75417,9324417
119,74584,8628833
120,78292,8617167
121,75333,9286708
122,73583,8629750
123,73917,8529625
124,73583,9281250
125,75083,8549500
126,74041,9184625
127,71000,8625875
128,71791,8492792
129,73875,9377375
130,74750,8560250
131,74292,8551208
132,75625,9363250
133,71792,8633500
134,74959,8574333
135,75708,9446625
136,74666,8620583
137,71708,8600042
138,75834,9422417
139,75167,8587958
140,76166,8521875
141,78000,9588167
142,79375,11300916
143,79333,9302875
144,72583,9529750
145,71459,8675000
146,76417,9269292
147,74125,8667917
148,75250,8556417
149,72458,8976917
150,72416,8540000
151,72625,8496209
152,73875,9531666
153,72709,8598208
154,75125,8597167
155,73584,9328750
156,73458,8600166
157,75291,9181000
158,75208,8651125
159,74709,8707459
160,73334,9440166
161,74750,8565583
162,73042,8736167
163,75125,9232042
164,81416,8716708
165,72375,9301458
166,74125,9417916
167,72584,8655583
168,72666,8615667
169,73333,9397041
170,71709,8571833
171,76125,9400000
172,74667,8557625
173,70834,8634625
174,75666,9356667
175,72167,8660583
176,71625,8594041
177,77291,9420333
178,71125,8597625
179,73708,8605125
180,74292,9143083
181,74542,8595625
182,76292,8628292
183,76125,9167042
184,72083,8574583
185,79459,8487458
186,165709,9953917
187,74916,10515125
188,75750,9763500
189,78500,8597541
190,73292,8586166
191,75125,9178000
192,73917,8549750
193,74958,8667583
194,73209,9553333
195,72250,8642750
196,73750,8487750
197,72834,9243042
198,71667,8656625
199,72125,8603000
200,75375,9373250
201,77000,8614333
202,74541,9580917
203,76958,8599958
204,74000,8628583
205,74291,9424416
206,76291,8571750
207,73500,8972375
208,74167,9427084
209,72750,8565667
210,73708,8646417
211,75209,9150584
212,70958,8700584
213,71250,8509584
214,75917,9356458
215,74250,8556250
216,70833,9306500
217,73750,8652708
218,75125,8658583
219,77791,9405125
220,76875,8645334
221,76209,8622333
222,73375,9346667
223,77416,8699875
224,74458,8531625
225,74959,9397542
226,71125,8521375
227,75000,8594375
228,81958,9370916
229,71333,8692541
230,72792,8551125
231,77041,9310541
232,75292,8548500
233,72916,9169625
234,77167,8652000
235,72000,8535875
236,73625,9381042
237,73041,8648416
238,72875,8659334
239,72750,9134541
240,71042,8714542
241,73625,8538292
242,76666,9433417
243,72583,8570083
244,71834,8578875
245,75917,9550292
246,74208,8587292
247,76375,9174708
248,73750,8642042
249,73000,8638750
250,73916,9506542
251,74708,8675458
252,72125,8577958
253,75291,11875416
254,72209,8515708
255,72500,9468375
256,97042,9690042
257,73625,8592542
258,76583,8689750
259,76375,9446375
260,72167,8649250
261,75250,9408916
262,73500,8722417
263,75834,8682750
264,74292,9361875
265,75375,8679917
266,72458,8567250
267,72584,9224209
268,71958,8595709
269,72834,8639500
270,75792,9276000
271,71959,8644875
272,72000,8502750
273,75417,9458250
274,73250,8552667
275,808625,8628459
276,72584,8615542
277,76167,8555041
278,80292,9533583
279,73042,8568041
280,91500,8626375
281,73541,9131917
282,71875,8675917
283,74083,8508916
284,74167,9504875
285,71958,8528917
286,73000,8662458
287,77000,9271125
288,73625,8623625
289,71000,8535750
290,75791,9309042
291,77542,8644250
292,75875,9145292
293,77875,8739708
294,71250,8611875
295,73250,9497125
296,71125,8586500
297,72709,11429583
298,75834,9405750
299,73333,9215000
300,74500,8611958
301,76334,9386208
302,72042,8705375
303,70500,8508791
304,77458,9491334
305,74833,8543292
306,71792,9532084
307,74417,8593167
308,72500,9040125
309,73959,9493000
310,76083,8604958
311,79166,8701083
312,77000,9109250
313,77000,8711875
314,72625,8507250
315,74459,9543750
316,74291,8520750
317,70708,8602542
318,74292,9282958
319,77833,8657750
320,75958,9292125
321,71708,8672833
322,82583,8556416
323,76667,9322208
324,75375,8664208
325,72542,8636458
326,72958,9490917
327,71500,8562125
328,71792,8620750
329,77125,9336334
330,71500,8747500
331,76125,8575541
332,73458,9429208
333,75667,8559333
334,72041,8684959
335,76375,9439041
336,74875,8913791
337,77875,9211916
338,78625,8569500
339,72292,8637250
340,76500,9258500
341,72000,8782042
342,73375,8644083
343,73750,9352375
344,72250,8628625
345,72167,8956042
346,74500,9545875
347,93958,8899000
348,72209,8787959
349,76250,9651792
350,76084,8858959
351,76250,9373458
352,77666,9354541
353,74666,8947958
354,74917,10132667
355,76250,8923667
356,71916,9110917
357,72292,9964375
358,74250,9045667
359,93167,9251542
360,76042,9975834
361,90459,8943208
362,79834,8884500
363,80750,11947625
364,76042,9591458
365,77292,9521541
366,87834,9666542
367,83667,9384625
368,78958,10167375
369,85459,9546166
370,71959,9074834
371,77375,9805417
372,73250,8818500
373,73750,9308917
374,79083,9384750
375,74416,9172583
376,77458,8928208
377,79750,9574792
378,76167,8903334
379,76208,9011625
380,73916,9636416
381,76542,8825166
382,92084,9890958
383,74875,8776792
384,77750,8933250
385,94959,9354000
386,73333,8659541
387,74084,8807208
388,79791,9305250
389,78250,8825250
390,71375,8554584
391,74208,9455250
392,74958,8626125
393,73542,8861833
394,76917,9411833
395,75541,8821333
396,85625,9328458
397,73125,8736000
398,77959,8869625
399,80416,9802958
400,72917,9011917
401,71458,8950166
402,80000,9408500
403,74958,8856291
404,73417,8861666
405,181000,10021375
406,78500,10991083
407,73583,9258917
408,85000,9497000
409,72375,8832917
410,74209,9829958
411,66875,8828959
412,77209,8682375
413,77625,9084583
414,74875,8731125
415,71042,8566875
416,76875,9226625
417,71833,8640334
418,72833,9018542
419,72875,8961208
420,74417,8648916
421,76625,8679125
422,76916,9337250
423,72875,8642583
424,80666,8598916
425,72709,9449541
426,72417,8566583
427,75750,9250500
428,74625,8651167
429,72208,8647459
430,77042,9418958
431,72000,8751375
432,73666,8564291
433,77375,9394166
434,77167,8657041
435,72042,8733958
436,76750,9695042
437,72708,8609125
438,72208,8706125
439,75542,9604250
440,72167,8712416
441,77458,9465542
442,77334,8831375
443,74708,8751667
444,78125,9425625
445,77458,8730416
446,79709,9117000
447,113875,10342000
448,91708,10936750
449,102375,14857250
450,83209,16409375
451,90583,14239625
452,93333,12361209
453,79917,11164750
454,78959,12789042
455,73208,10299417
456,73583,8935959
457,99375,9148833
458,79250,9299166
459,75500,9048792
460,71958,8747583
461,77000,9872250
462,71875,9107250
463,71208,8807583
464,73167,9536708
465,76375,8880875
466,83375,9026292
467,147125,12585542
468,74167,8676583
469,914166,9282125
470,75166,8847125
471,74084,8849958
472,84333,9508834
473,72125,8698458
474,78375,8637625
475,76292,9296250
476,76209,8807333
477,71125,8636416
478,75958,9339625
479,73083,8613333
480,73292,8768417
481,76292,9240708
482,78042,8840084
483,74250,8649209
484,75208,9411292
485,78125,8756833
486,76084,9245875
487,79584,8725125
488,73833,8726333
489,77375,9292500
490,73500,8720542
491,77291,8742041
492,74875,9330458
493,71333,8814083
494,78459,8632667
495,76583,9471625
496,72542,8586500
497,77000,8761875
498,78209,9391167
499,72500,8784625
500,77500,9741750
501,80625,8734916
502,74167,8783875
503,75292,9598333
504,74750,8712542
505,83667,8665167
506,73708,9558792
507,79333,8891125
508,80625,9381875
509,133750,13617792
510,202375,12593583
511,85042,9969000
512,82792,14268792
513,94292,13238125
514,187708,12484375
515,99584,11116709
516,86167,13062708
517,89459,13990917
518,231417,12822875
519,83041,10656750
520,97500,13878875
521,81084,14010375
522,100667,13552542
523,73542,14065917
524,91333,10012250
525,86166,13220041
526,75250,13511583
527,73125,12497542
528,75791,8859583
529,92833,10020375
530,72792,8812458
531,92292,9523875
532,87417,8794125
533,76750,8895791
534,78292,9474625
535,73042,8795750
536,73083,8820791
537,75917,9955083
538,77250,8948667
539,76500,8776583
540,76667,9595500
541,73334,8804792
542,72167,8700708
543,77542,9606917
544,73625,8672292
545,73708,9475292
546,75083,8736083
547,72334,8983417
548,74541,9377250
549,78167,8652042
550,77083,8708375
551,75041,9296666
552,76833,8740791
553,75291,8637041
554,76042,9417625
555,71208,8527334
556,71875,8714916
557,76750,9289209
558,72333,8701375
559,73292,9112417
560,74375,8699125
561,89500,8608500
562,76208,9399125
563,72916,8669250
564,78041,8691666
565,76083,9419833
566,71125,8659250
567,73625,8715750
568,74583,9458583
569,78333,11544375
570,74916,8642083
571,76000,9644500
572,76750,8709625
573,74375,8869125
574,78334,9838250
575,72375,8732875
576,76500,9584958
577,73709,8825250
578,73958,8876000
579,73625,9523625
580,85667,8865083
581,81417,8767833
582,73917,9549250
583,70833,8732625
584,72250,8630458
585,74500,9405083
586,72333,8620125
587,75209,8732625
588,78959,9360541
589,72416,8732458
590,81542,9154375
591,75042,8674791
592,75708,8648750
593,73916,9490500
594,74584,8722792
595,72167,8658375
596,74291,9554708
597,73333,8599292
598,78167,8852625
599,77125,9682917
600,71541,8718625
