numberOfIterations,mergeSort,quickSort
1,1021791,163468666
2,798334,92865750
3,753458,159605916
4,403916,81963834
5,339833,74795292
6,333417,74795875
7,339292,74403125
8,334292,74183083
9,320459,74266583
10,341750,73251959
11,330625,74912958
12,336167,74057500
13,336666,74267208
14,347875,74263250
15,343708,74206458
16,335250,74027917
17,322375,74261250
18,331458,74333208
19,322666,74047333
20,337458,73208417
21,330250,73815750
22,340958,73748875
23,327208,73717750
24,327875,73793208
25,326333,74370958
26,338375,74535000
27,340209,74080375
28,335833,74593791
29,328167,73892458
30,326292,77632042
31,333791,76153458
32,333250,75476167
33,323708,75724792
34,339042,75574083
35,346834,75172333
36,323833,76387834
37,338583,75257709
38,336917,74810917
39,370500,74843625
40,333083,75600834
41,325208,75327750
42,360208,75070958
43,462166,91172250
44,366125,94469917
45,354334,87687708
46,349458,76564209
47,361417,76794667
48,334834,75803916
49,357666,75809250
50,335209,76172208
51,340958,75558542
52,339583,81092916
53,921375,89340541
54,1035834,100835458
55,353583,103543292
56,969084,92895166
57,993792,97582334
58,337208,85136000
59,346208,76125834
60,357250,75791041
61,422917,77104750
62,330834,75915875
63,375542,76325500
64,364833,76609875
65,339625,103147416
66,384250,99364750
67,347375,84607500
68,358875,77455083
69,337292,93419667
70,336250,77587584
71,334541,75633875
72,355875,74813166
73,349125,75250666
74,339292,75202584
75,349333,74937542
76,333334,74538625
77,328583,77881708
78,339458,75043833
79,331958,75735625
80,338625,75404875
81,343500,76098667
82,340416,78714042
83,384125,84468791
84,487167,92562417
85,391625,102448042
86,328791,99428417
87,343708,101345583
88,355458,84121917
89,344542,76038125
90,352709,81435083
91,417334,85763333
92,325583,100401375
93,344666,102424833
94,376458,85254250
95,332125,79244042
96,352375,76504792
97,327000,76152667
98,339500,75045542
99,348417,75027625
100,331625,78401666
101,821083,98798667
102,353542,97285458
103,343375,82880916
104,333458,74265667
105,324958,75188125
106,331541,78069709
107,365959,75126333
108,341750,75600958
109,328708,75922834
110,333416,78455250
111,336916,76427083
112,348042,75641708
113,334666,74506792
114,339417,80206875
115,360834,76700958
116,351667,76195334
117,337833,75327750
118,337208,75317292
119,337792,78751542
120,351959,75085417
121,369375,75478291
122,346500,75008083
123,330291,74574500
124,336792,76089083
125,335042,76620750
126,337666,83621292
127,339834,79642958
128,363125,75383792
129,348209,75815750
130,345084,76456458
131,353416,75916542
132,340375,78318000
133,346417,75650125
134,369208,81680000
135,348833,83720083
136,343208,75704250
137,337750,75484000
138,342833,75181125
139,337542,74991667
140,340709,75431375
141,461666,75207500
142,334459,74497750
143,354542,78088584
144,349375,74577500
145,326875,75268541
146,341458,74941625
147,343084,87989875
148,345792,75918625
149,344917,74786500
150,343458,75371209
151,372000,74451500
152,431750,87237584
153,382458,80079042
154,337375,77529750
155,355959,74560875
156,336375,87067333
157,343333,75875334
158,336875,75139541
159,347125,75020750
160,350708,74335125
161,332209,74808500
162,348208,74580000
163,349000,75485083
164,337250,77688459
165,341667,79528375
166,376167,83166333
167,341750,80637084
168,348250,75350958
169,333167,75067375
170,349291,74359583
171,336292,75149417
172,351542,75286792
173,338000,75104041
174,334750,84783792
175,341500,79530125
176,354833,76736875
177,342000,89296416
178,356125,75714208
179,343542,85036542
180,387834,94073167
181,372333,87641458
182,337917,79546250
183,345500,74592000
184,335709,75534125
185,341833,75146416
186,345833,75604959
187,352875,86493500
188,346500,75005500
189,330875,74554583
190,345083,76189875
191,357792,88818250
192,344833,76792667
193,327792,75650584
194,345458,75203708
195,351792,74528958
196,341375,75082375
197,333042,75304625
198,334334,74302125
199,335708,78760542
200,336209,79253750
201,805000,81393916
202,339333,82543958
203,348125,74966000
204,343916,75541166
205,334209,75783125
206,338208,75670417
207,343542,84705584
208,345083,75102875
209,330416,75159958
210,329875,78752375
211,334167,85113416
212,345209,75336041
213,351208,75221708
214,583000,77688833
215,391042,90223500
216,393834,83984333
217,335834,74256500
218,344500,73809333
219,385041,88552250
220,336000,76825416
221,338750,75045250
222,348125,80838084
223,352209,75612167
224,341583,75078041
225,395666,80720042
226,346125,79180917
227,335875,75000041
228,337083,79660958
229,337042,84185000
230,343125,76032958
231,344750,85818542
232,337042,75506333
233,334792,75221125
234,339458,74956583
235,347500,74437083
236,331875,75452583
237,387542,76271875
238,342500,82398875
239,344958,75291750
240,395125,79699208
241,383375,81595375
242,337250,78141917
243,381000,80274208
244,345375,81649416
245,334542,74817500
246,347417,75103583
247,343167,75305667
248,348209,75292083
249,326208,75233708
250,352542,75199458
251,338208,80470875
252,356375,79150750
253,371125,86374000
254,376833,78146167
255,361084,77238708
256,395084,83799375
257,343416,75377500
258,350958,75339959
259,335584,74959333
260,348917,75311209
261,335000,74910792
262,341333,75230334
263,1210667,73686625
264,337750,77385042
265,347708,75753250
266,394417,90153833
267,362917,84026875
268,330417,75145875
269,341750,75525833
270,339250,75382000
271,341334,75145042
272,406000,75127917
273,334208,86141375
274,357458,75469458
275,343417,75442041
276,344208,80558875
277,328625,76275958
278,335875,75529875
279,353792,75635500
280,341833,75939083
281,359875,78053250
282,332583,85073625
283,340458,75075958
284,680709,82973625
285,341834,77262667
286,350625,75168250
287,343458,84670125
288,348000,74655666
289,995750,79967833
290,358709,78339791
291,346000,93172667
292,358208,90928666
293,353459,85926583
294,366833,82705834
295,405083,89637458
296,392958,83212292
297,325709,76082375
298,363458,80625250
299,362209,79560333
300,332708,77043917
301,337791,82245000
302,337750,74726375
303,346708,84892250
304,403209,80959250
305,342167,86037792
306,345000,75224667
307,340875,83702708
308,346500,76082875
309,361416,74542125
310,336666,74368667
311,351375,74878625
312,356625,75273542
313,337417,75022833
314,341458,75074416
315,334500,75334125
316,345375,78407542
317,452459,91489292
318,612750,102619250
319,372958,105708750
320,350416,90844083
321,328666,91865125
322,353000,76010750
323,368084,75722500
324,339583,76564417
325,338917,74979417
326,339167,80568292
327,350709,75018959
328,393584,85837125
329,382875,97718042
330,847042,97231584
331,333042,75778375
332,339458,75899583
333,335834,75647375
334,341083,78359833
335,349042,75205166
336,349083,75214875
337,334667,75073833
338,1057125,74464709
339,340709,75031417
340,350958,78355125
341,334542,75961875
342,357584,79426250
343,342208,75684417
344,344958,77415542
345,338833,76073750
346,331666,87198750
347,352875,79893583
348,349333,89109917
349,337167,78067333
350,347917,75959833
351,361625,75050291
352,343333,75952083
353,333000,80383583
354,331333,86492500
355,342708,75324458
356,345625,75322583
357,332958,74673458
358,380167,75977000
359,358167,97932291
360,409333,86526458
361,323250,77422708
362,359125,80201250
363,344083,81502708
364,338125,75565125
365,344458,75272166
366,338792,75146500
367,350708,79877666
368,358959,94400334
369,355708,96089834
370,358125,103284667
371,338583,102874542
372,948209,102786541
373,342208,105388833
374,433625,87959333
375,346084,83074917
376,444084,95347083
377,330375,88460417
378,328166,76659500
379,343041,76120042
380,367750,75130959
381,356333,75622166
382,386125,81400625
383,553500,86839500
384,341125,101740125
385,359125,97629125
386,343750,83986750
387,378125,75342167
388,331875,76426250
389,357375,79176542
390,379958,75980375
391,343125,85748458
392,366959,82855041
393,957708,82934666
394,337500,85378958
395,337625,75779875
396,344042,75680500
397,341083,75960083
398,336041,75810792
399,349166,76074708
400,348708,76591166
401,335125,76317250
402,359083,80376000
403,438584,86710750
404,369417,78525000
405,366625,76294375
406,342708,76231375
407,352250,75273167
408,406125,77871291
409,337292,82476667
410,354375,76338916
411,346208,78650625
412,346917,76519084
413,1107250,75568041
414,338792,75816417
415,378250,75958708
416,397083,91230833
417,360708,77642958
418,341667,75787792
419,345250,75508333
420,346125,75389041
421,351583,75417917
422,351708,75236875
423,338000,74626958
424,386458,80949584
425,333083,96085209
426,327042,75660583
427,356792,76064958
428,400542,82366125
429,344250,79939125
430,348917,75485792
431,345292,75128417
432,336834,74513625
433,324917,75392792
434,342250,74661709
435,336208,75553666
436,345541,77704458
437,383458,78422541
438,342625,79151250
439,337291,86662750
440,347542,75178917
441,333167,75520750
442,356667,74599208
443,341083,74675958
444,339959,75055000
445,325375,74403250
446,335083,73861708
447,403750,84159542
448,378042,84257666
449,370292,76518792
450,350000,76225333
451,361375,74320334
452,345042,74696625
453,323917,81763000
454,388792,82809875
455,343500,78764208
456,342833,75138542
457,338375,75406167
458,340500,74553042
459,342709,74027625
460,907334,82205542
461,334500,81294625
462,339875,75321458
463,338416,75153750
464,335292,74542667
465,670500,82362167
466,336167,74340417
467,343000,74613333
468,356542,74347625
469,311417,74237583
470,329500,73538417
471,324750,73918792
472,331583,74196500
473,333750,83412416
474,338917,79328000
475,337667,80756291
476,346000,74406000
477,330250,74489042
478,328208,75344166
479,374250,84712625
480,331250,83604417
481,324458,73917334
482,336334,75205333
483,334708,74347708
484,378542,75572042
485,357667,91294041
486,339000,75236416
487,342500,75373708
488,1117333,74364291
489,328417,73881375
490,340209,74543458
491,368375,93826583
492,366541,96368459
493,401333,96174583
494,333750,82252000
495,339000,81879167
496,338667,104196042
497,392208,104448459
498,335333,101373750
499,336791,90361583
500,342667,82302375
501,345500,75760291
502,357084,76609834
503,378375,88528541
504,339166,79958625
505,345458,74739292
506,889792,85715208
507,336083,93624208
508,353583,97493333
509,347208,78504208
510,339333,74784084
511,343333,75191709
512,339959,78322708
513,327167,88744667
514,337333,79224917
515,348875,76376917
516,355250,75589417
517,328375,74415834
518,343208,74927833
519,341875,75452334
520,395250,80266833
521,356084,80988042
522,833959,79136041
523,336291,77662250
524,357375,76026208
525,338291,81529708
526,332666,75835208
527,364250,78329875
528,378625,85491500
529,337875,80732125
530,354291,76158708
531,341250,76328875
532,352542,79467333
533,346458,76575625
534,361750,76258916
535,341833,74939417
536,350250,75582291
537,336375,87005625
538,369834,82963333
539,332875,76674792
540,337083,76510708
541,364834,75952166
542,335334,93662375
543,339250,74433750
544,336750,74793875
545,332958,74315125
546,334416,74624208
547,326041,74844958
548,328084,75572667
549,350292,75242167
550,339458,74978375
551,327542,76162708
552,343417,75795458
553,386708,109387209
554,385208,96487959
555,380833,87018167
556,348500,80745042
557,430000,78287375
558,343042,78569042
559,344000,79443958
560,351166,82702875
561,329959,81832125
562,372792,79117000
563,1044084,76802708
564,347417,77690042
565,347792,78315584
566,371917,80127292
567,364542,75909500
568,364917,77813416
569,364500,78573250
570,358458,78190000
571,375709,79797167
572,341375,76809708
573,370000,77667084
574,332959,78421875
575,337625,79120708
576,408917,79017750
577,348916,80214333
578,352833,80968541
579,344625,77779000
580,348083,76224084
581,406542,76989500
582,344625,90349291
583,358208,77400208
584,352583,80974667
585,352208,77681459
586,346625,77519042
587,353500,77970250
588,355583,75719709
589,334875,75345709
590,331208,74380417
591,514208,74479666
592,335666,73931958
593,326792,74004125
594,331042,74655667
595,329625,74782917
596,332833,74055458
597,337250,76575541
598,340750,80458792
599,332417,74425291
600,353625,74007541
601,329791,73499958
602,342000,73988458
603,345375,74153541
604,339500,74874083
605,338166,73687917
606,324042,73701666
607,337625,73637000
608,332875,74467583
609,329041,73937333
610,326625,73596208
611,333542,74090625
612,339875,75130625
613,340375,74191959
614,331000,74720459
615,332292,73866250
616,348000,74062167
617,344250,74258959
618,334667,73688958
619,329750,74302292
620,336709,74070625
621,329375,74278334
622,365167,74479166
623,342500,74467167
624,328375,74530541
625,323875,74147416
626,334875,74280084
627,343083,74573250
628,336500,74308083
629,332375,73508958
630,325584,73993042
631,344958,73433958
632,340667,74456708
633,325708,74243375
634,345875,74174792
635,332875,74394583
636,339333,74422625
637,339875,74196833
638,1097541,73970875
639,327542,73725000
640,369500,77085042
641,391959,75870875
642,328292,75337292
643,335917,75095875
644,363625,75587334
645,329250,75409250
646,341750,74211875
647,324209,74399542
648,331667,73636834
649,328708,74409000
650,329041,74163958
651,338042,74285250
652,344875,73872666
653,345209,74372458
654,334250,74131416
655,366166,74039792
656,343417,75034750
657,324958,73692875
658,332167,74137666
659,337375,74563958
660,340792,74437333
661,334208,74164625
662,338750,74044417
663,344041,90457208
664,345417,74304208
665,318500,74040083
666,507959,74416583
667,345208,73532416
668,341791,74019875
669,424333,74120916
670,376083,79326292
671,444125,90077542
672,333208,82344875
673,344292,74639917
674,364667,78916375
675,336375,77406083
676,378500,82565042
677,365083,82148875
678,322167,79055375
679,351250,74746708
680,392917,87499833
681,413917,84574667
682,350542,81619792
683,350708,78942291
684,344667,75116875
685,335834,74483459
686,339250,75327583
687,341958,75213917
688,344000,75303625
689,336375,75181958
690,338208,74745833
691,341084,74978834
692,354583,75368250
693,346333,74661958
694,333292,74120709
695,335417,73827583
696,348667,80301875
697,327875,74915583
698,340834,74417291
699,339917,74153458
700,338333,73933083
701,330667,74389708
702,336792,74071583
703,326209,74359125
704,340208,73322708
705,331084,74078625
706,335209,74121167
707,335500,74244041
708,341917,74014541
709,332083,74056167
710,326417,74457000
711,330667,74271000
712,333291,74157125
713,1104959,73494542
714,327667,73380166
715,331250,74201375
716,345250,73538625
717,345083,74199834
718,337292,74116250
719,333833,74459084
720,360625,74201625
721,373834,75312291
722,331291,74869625
723,338041,74486625
724,337792,74556416
725,328541,74820709
726,324458,74451584
727,335625,74708834
728,343916,74911125
729,332292,74448042
730,405583,76264208
731,432625,82747042
732,437500,113821125
733,506750,98235667
734,382333,106987375
735,340416,76369250
736,353958,74824083
737,344875,75599334
738,364333,76707791
739,338792,76329209
740,338833,75218208
741,338542,75223666
742,332458,75012708
743,355375,74746417
744,334958,74219417
745,332708,74532958
746,337708,75057459
747,335791,73980750
748,324458,74556875
749,339583,74009708
750,333375,75055292
751,333625,73384250
752,334917,74691583
753,327250,74058459
754,324292,74238666
755,334250,74120917
756,345084,74251542
757,327000,74156084
758,334208,74190834
759,347541,73824083
760,349042,73292291
761,337125,74034417
762,328875,74000250
763,343209,74427083
764,327833,74283458
765,327334,74538083
766,346875,75543125
767,337583,75808584
768,338750,75359500
769,337209,75285666
770,388750,74786875
771,332125,75318166
772,347875,75536125
773,351416,74923458
774,491583,109654791
775,382083,82640542
776,363250,74938500
777,335917,74036792
778,360417,74227916
779,350084,73514500
780,338458,73712417
781,340916,74690709
782,439375,108675459
783,434167,93262834
784,355667,80565709
785,345792,76068459
786,343000,75192625
787,349333,75279792
788,1074125,74271542
789,361667,74622792
790,333292,75387084
791,350750,76965542
792,339917,85111625
793,330375,74812208
794,332375,74816375
795,331583,74065291
796,344500,74381750
797,332833,74627000
798,343417,73796583
799,355584,76582791
800,377083,80156334
801,320708,76715875
802,325875,74957417
803,345042,74476958
804,341792,74095250
805,342000,74612042
806,353417,78526791
807,326667,75392750
808,358167,77232875
809,338041,75541375
810,359125,75263458
811,347459,74999791
812,352792,74914417
813,325292,76985875
814,331417,74697875
815,349750,74694958
816,340291,73972000
817,326125,73392167
818,343292,74044000
819,316166,77019291
820,330166,73889292
821,336667,74948625
822,324542,74160875
823,337292,73908916
824,348000,74497583
825,325833,74216625
826,330875,73505583
827,333667,77594458
828,330375,74136541
829,326750,74140000
830,330625,74049250
831,355250,74560292
832,338500,83539500
833,338125,96915667
834,397791,104396875
835,335500,92163833
836,360583,75954500
837,335833,75648500
838,334125,75100708
839,339750,78280417
840,339834,75651959
841,325167,75568834
842,389000,84367041
843,354167,103009958
844,404000,97779958
845,337792,88169791
846,925958,87745792
847,387958,99877000
848,333167,102452875
849,332708,93649792
850,371959,102664750
851,403584,100389459
852,433167,100708209
853,339542,91484750
854,398209,78953042
855,347250,75990083
856,337750,82166750
857,340250,75593834
858,340208,75418166
859,340292,75548792
860,338958,89544500
861,319375,98254250
862,617125,94636958
863,1045292,74605041
864,340667,74534875
865,338000,75380334
866,323750,78050792
867,349292,76201125
868,349417,75612166
869,374125,76112583
870,379000,91821917
871,435166,101687583
872,377959,80627708
873,341166,75218750
874,342417,78595750
875,344000,75790042
876,339625,75297625
877,342542,75310416
878,339834,75213667
879,360833,97601458
880,342500,98782375
881,396875,102633750
882,428125,99949167
883,378083,97002875
884,354375,80536666
885,330875,80957125
886,333792,75548000
887,351667,75318041
888,344958,75314542
889,336250,74826291
890,781542,76480166
891,319083,97854459
892,394917,93208375
893,347833,86984542
894,344125,75590333
895,341708,75388958
896,341750,75047083
897,333584,75160292
898,339583,78599375
899,348500,76365875
900,394292,94549458
901,410541,104609250
902,359084,101427958
903,344208,80975375
904,357791,76736167
905,361541,76425375
906,334625,75368500
907,344917,75775250
908,347209,75576625
909,343875,75603500
910,830958,98017375
911,461208,97217333
912,358541,105299875
913,366750,104882459
914,354917,89182833
915,347833,76786792
916,350083,76302500
917,338833,75683917
918,345916,75975375
919,411958,86502125
920,448791,100974792
921,350417,99616958
922,343750,78385167
923,349375,76371000
924,347750,75860750
925,338833,75343250
926,348000,77631292
927,348833,75699416
928,342250,74840291
929,337291,74602709
930,332583,74300792
931,344084,75410041
932,337792,75525792
933,342708,75258375
934,358041,79382542
935,338542,75951792
936,355958,75586708
937,338125,75554750
938,987209,74404708
939,347166,77535042
940,349208,74972166
941,351000,75256250
942,353667,75445166
943,338166,75343000
944,348708,75059167
945,340542,76069292
946,354208,78506375
947,362209,83721375
948,346833,74433500
949,338875,75241916
950,337041,75612000
951,351667,74786667
952,341791,78105750
953,344917,74818542
954,327084,74708791
955,350583,74047250
956,330708,74333125
957,330792,73708917
958,333291,74197583
959,333583,74226292
960,334208,78044125
961,349375,74497208
962,329709,74946625
963,331083,74304667
964,349208,74343458
965,338875,77409750
966,319875,74670458
967,329916,73895583
968,349500,74280208
969,339667,74634042
970,330542,74048791
971,343958,74387541
972,334000,74382709
973,328208,77474041
974,346208,74439667
975,344083,74808208
976,337000,73484500
977,337208,74716625
978,783334,76487375
979,335458,75043583
980,957792,77024792
981,335833,76682500
982,358958,74369875
983,339625,80413583
984,333666,75226541
985,330792,73733375
986,650875,77299125
987,335542,74489333
988,332834,74775959
989,333375,74122916
990,336667,74288750
991,351167,74403959
992,340917,77711750
993,333667,74505000
994,338958,74505625
995,336917,73739833
996,351458,74452209
997,333916,73942250
998,337208,74554625
999,330584,74414875
1000,346584,77677917
