numberOfIterations,mergeSort,quickSort
1,987834,14938167
2,771167,11397750
3,1337875,8431375
4,1369667,14406541
5,947750,9587125
6,471667,8090084
7,384750,6527500
8,355666,5191667
9,349708,6252208
10,342583,4936333
11,853250,12015334
12,779917,13079583
13,812333,13212792
14,486334,6377083
15,475792,7059500
16,447041,7118250
17,403667,5969459
18,361375,5905459
19,346375,4880542
20,346250,4859917
21,355750,6475959
22,347167,4878583
23,344458,4982417
24,346375,5579583
25,343417,5960125
26,358458,5024042
27,330750,5014708
28,779459,8481542
29,2904083,22164041
30,494291,12915708
31,735792,11271625
32,746042,11569083
33,1038916,15523375
34,910042,15168959
35,447458,9768917
36,394584,5778542
37,409167,5353209
38,385125,6771084
39,369375,5216875
40,379917,5278583
41,329500,5203625
42,390541,6187500
43,375458,5378125
44,391042,5542125
45,401125,5538667
46,379167,5776709
47,411167,6512000
48,400375,5494334
49,388792,5661041
50,402666,5440667
51,391334,5621333
52,417084,6579125
53,383834,5586333
54,412250,5724584
55,345375,5355584
56,337709,5543334
57,337334,5038125
58,334500,4810917
59,344416,4782875
60,333125,5028958
61,349167,5530750
62,345333,4813250
63,354083,5009750
64,348500,4790834
65,326917,4810833
66,355708,5774041
67,332791,4795333
68,353708,4801750
69,350833,4957333
70,340125,5593334
71,338541,4956541
72,344209,5001042
73,353083,4865500
74,388667,5196250
75,427041,5913791
76,368375,5379208
77,387625,5367791
78,374167,5453833
79,329209,4802375
80,346584,5591416
81,332250,5029291
82,351209,4816500
83,358375,4889666
84,331125,5743125
85,346916,4917542
86,338333,4890792
87,365958,4981958
88,343166,5037042
89,346709,5477750
90,342167,4985084
91,318792,4875000
92,350000,4805583
93,343375,4869834
94,365500,5697708
95,356167,4914666
96,378167,4892708
97,344500,4883708
98,1005333,4807833
99,349833,4940916
100,324833,4851417
101,338666,4849833
102,349542,4861875
103,328875,5814292
104,358042,4837708
105,342250,4912417
106,347125,4910458
107,337417,4866125
108,373792,5658459
109,344250,4931166
110,346500,4798250
111,359625,4790958
112,320334,4957250
113,352334,5710250
114,355875,4863917
115,337333,4948750
116,352500,4792750
117,358709,5542750
118,341833,4979459
119,340750,4826125
120,337333,4789333
121,361375,5044583
122,353750,5514667
123,350667,4893250
124,346625,4990791
125,348500,4826959
126,323709,4809792
127,341084,6012250
128,351125,4828334
129,338792,4988500
130,380459,5086000
131,353292,5658833
132,350833,4858791
133,369750,4990417
134,329375,4849792
135,354250,4814292
136,335791,5689667
137,350958,4841209
138,324958,4860875
139,356000,4895625
140,333875,4895000
141,338125,5548041
142,364084,4928916
143,332500,4901000
144,344375,4786084
145,352417,5415583
146,345041,4977292
147,352666,4786750
148,337917,4829167
149,350709,4939417
150,336584,5421000
151,350834,4894042
152,335084,4950042
153,355417,4779292
154,346042,4830417
155,338875,5535666
156,352709,4876125
157,338750,4798000
158,348875,5046750
159,327667,5479167
160,345792,4873375
161,363292,5008583
162,329333,4789250
163,338958,4791417
164,335917,5494459
165,354167,4834416
166,334875,4903459
167,369250,4904500
168,331459,4842875
169,349042,5627667
170,381625,4904958
171,339625,4877084
172,333667,4817083
173,938875,4902666
174,345416,4910833
175,356916,4854542
176,348083,4927208
177,337583,4945375
178,334875,5495833
179,355417,4867708
180,352333,4949959
181,328708,4798875
182,347542,4799958
183,338542,5433917
184,348417,4858083
185,334542,4826291
186,349292,5054292
187,346292,4820000
188,345209,5663875
189,352042,4979875
190,342500,4894333
191,332333,4890584
192,346750,5665166
193,347125,4987958
194,359541,4869917
195,328041,5221792
196,352334,4820125
197,334292,5609875
198,345125,5024375
199,341666,4797042
200,334125,4800291
201,365250,4891250
202,345792,5610833
203,341666,4859041
204,338791,4973542
205,347750,4828417
206,360583,5439917
207,360750,4967500
208,339208,4893459
209,324375,4934084
210,366542,4872833
211,363875,5653458
212,332375,4997000
213,350917,4930583
214,322708,5112917
215,354792,4883500
216,381250,6028917
217,339917,4793333
218,335750,4883375
219,363875,4823375
220,346625,5636709
221,333459,5035792
222,359333,5004791
223,339916,5388834
224,411125,5195792
225,533417,6174209
226,353708,5397542
227,411584,5272291
228,344750,6215459
229,361667,4927167
230,361625,5990166
231,342167,5226500
232,386000,5517375
233,343000,4897750
234,366459,5914583
235,342125,5031250
236,357541,4863667
237,343625,5140709
238,326625,5045417
239,398416,5453542
240,341500,5108333
241,345792,5062209
242,363083,4923625
243,352708,5204417
244,345959,5733375
245,367833,4955250
246,347041,5479334
247,326750,4989792
248,881708,5011167
249,351542,5056875
250,344875,5001625
251,357583,5004000
252,371917,5017417
253,353416,5795583
254,362125,5049042
255,372875,5015083
256,374041,5077708
257,367458,4908625
258,365750,5494708
259,337375,4864541
260,340458,5007166
261,333209,5079042
262,340958,4978917
263,349208,5793208
264,358417,5022083
265,346917,4932542
266,330042,4953958
267,395042,5644250
268,343000,5003583
269,350792,5013500
270,358375,5046041
271,382833,4979875
272,356833,5677583
273,406250,5107500
274,350458,4868833
275,340291,5061875
276,331750,5258042
277,366250,5741042
278,343667,5008792
279,366792,5187958
280,359459,4886125
281,373334,5606666
282,336709,5123125
283,348375,4919417
284,345208,4964667
285,343875,5310792
286,366417,5526250
287,326958,4932792
288,347792,5158625
289,343250,4860917
290,341709,4960292
291,353958,5966875
292,361500,4941583
293,343792,4821125
294,345125,5075875
295,329625,5862000
296,347167,4846875
297,337792,5079625
298,349208,4919875
299,324584,4831250
300,345584,5602125
301,329708,4896792
302,344667,4809917
303,349042,5036833
304,344125,4834458
305,356667,5796500
306,339875,4981250
307,343917,4824084
308,355667,4821042
309,354792,5487583
310,351750,4895583
311,338167,4877083
312,368583,4882542
313,337459,4965583
314,338250,5636417
315,353584,5030417
316,336792,4927750
317,343291,4809875
318,339917,4878333
319,385709,5623292
320,341084,5089791
321,350167,5008125
322,355834,4921500
323,339750,5455458
324,364959,4885833
325,337167,4955375
326,347333,4791167
327,353917,4807417
328,357708,5737541
329,342041,4904750
330,334833,4872000
331,351458,4986500
332,325833,4820417
333,353625,5555000
334,343166,4992084
335,332584,4824750
336,341917,4816208
337,1192041,4985792
338,348583,4893041
339,342291,4897791
340,330083,4994375
341,344458,4909917
342,336208,5570542
343,339791,5016625
344,331666,4806542
345,333042,4857834
346,374375,4915750
347,347042,5643166
348,351833,4903250
349,350292,5008584
350,343000,4778875
351,335584,4832667
352,383625,5639375
353,342375,4840500
354,353625,4812417
355,351250,4873625
356,338250,5589500
357,353417,4873625
358,338125,4915000
359,353167,4916459
360,331541,4974167
361,356000,5606541
362,344083,4961709
363,327833,4793084
364,356333,4867791
365,339583,4933166
366,346333,5687500
367,349250,4819958
368,364959,5024500
369,352792,4838625
370,348042,5839750
371,346292,4952708
372,335000,4804041
373,350583,4809250
374,338375,4989875
375,329250,5845959
376,351584,4864333
377,329375,5029292
378,346709,4832417
379,339834,4804958
380,373084,5714709
381,345250,4807041
382,329791,4811083
383,359458,5012250
384,331667,5704500
385,384459,4921375
386,334625,5083084
387,341083,4822750
388,346917,4868083
389,342959,5543250
390,345208,4896333
391,332583,4838292
392,377208,4948125
393,343542,4853417
394,345708,5908166
395,357167,4954584
396,332042,4920792
397,345167,4788208
398,334458,5512000
399,364833,4896125
400,348083,4862667
401,339041,4859709
402,344208,4934791
403,342250,5451458
404,343458,4916750
405,343500,4919792
406,359125,4841125
407,352875,4839042
408,334208,5602833
409,351292,4882959
410,348000,4909625
411,341292,4969125
412,1286292,4840292
413,348792,4867541
414,342583,5084084
415,338583,4786042
416,347250,4790500
417,328041,5520875
418,341542,4859833
419,350708,4918125
420,325000,5201125
421,343125,4833333
422,335042,5861667
423,341958,5003334
424,335959,4865458
425,339375,4811375
426,346458,4989792
427,329125,5593084
428,359125,4880416
429,327250,5023875
430,346084,4811833
431,360458,5618333
432,345917,5010667
433,359209,4797875
434,329792,4781959
435,371458,4919750
436,352125,5611458
437,345542,4905959
438,373125,4980625
439,328667,4934209
440,340667,4820792
441,340042,5978041
442,356500,4810292
443,337292,4800042
444,358000,4923041
445,352667,5717084
446,336417,4915875
447,350167,4921959
448,343709,4941959
449,337500,4830250
450,345000,5655084
451,345750,4925375
452,338209,4788334
453,351458,4927375
454,351917,4974833
455,339833,5616250
456,367416,5113541
457,334542,5109041
458,349209,4841625
459,361542,5489375
460,344959,4930708
461,342000,4810041
462,331375,4794167
463,351291,4970166
464,357041,5634458
465,356209,4875917
466,357583,4961542
467,327000,4825250
468,342542,4789416
469,329417,5854833
470,337208,4862375
471,361083,4834708
472,346917,4980250
473,342667,5519625
474,337000,4854334
475,360875,4983000
476,336041,4814667
477,341250,4848500
478,351084,5593500
479,332584,4810042
480,346708,4801292
481,354584,4884583
482,347958,4880000
483,353167,5839625
484,339708,4921125
485,344792,4895833
486,339417,4834750
487,925250,4835375
488,335917,4928042
489,346416,4828375
490,357000,4825750
491,335625,4935833
492,354834,5597042
493,348958,4911792
494,351416,4965791
495,336083,4785166
496,344583,4895458
497,342834,5635000
498,330834,4818625
499,351291,4954083
500,323708,5009750
501,339625,4842708
502,353500,5726792
503,328459,4998416
504,347042,4797667
505,326833,4859125
506,364791,5540334
507,341083,4895042
508,331125,4831375
509,373542,4902916
510,340208,4829500
511,364500,5647417
512,344000,5089208
513,350417,4808834
514,331625,4828125
515,349792,4917083
516,353833,5460208
517,348958,4870500
518,366542,4914292
519,330292,4930958
520,348750,5527916
521,350166,4902125
522,339375,4942459
523,343541,4801125
524,336125,4799625
525,365167,5613125
526,342208,4924708
527,352291,4947833
528,339208,4956167
529,349917,4890625
530,363875,5747125
531,343666,4981291
532,339375,4799708
533,333333,4845959
534,344459,5880583
535,356667,4841042
536,339750,4887458
537,350958,4990958
538,340667,4852875
539,359000,5630916
540,349250,4976625
541,340917,4792583
542,343958,4796042
543,353584,4972500
544,356292,5628750
545,338000,4860625
546,377166,5107083
547,338875,4781584
548,333709,5602334
549,343167,5007208
550,339583,4949416
551,345417,4794417
552,351250,4921917
553,358791,5522959
554,341791,4880083
555,356125,4929250
556,336167,4908458
557,333125,4791000
558,364708,5703083
559,348541,4906208
560,341750,4914584
561,354334,4850084
562,1094500,4995167
563,353000,4919084
564,355083,4895125
565,341416,4969333
566,335334,4793666
567,356667,5606584
568,337875,4936084
569,330625,4791584
570,336209,4791542
571,326084,5051666
572,347542,5532375
573,340166,4893833
574,344834,4996417
575,343542,4842792
576,328375,4797500
577,364167,5704333
578,329250,4800708
579,335750,4797917
580,365250,5041417
581,341625,5740167
582,338084,4914542
583,343375,5007875
584,349000,4871042
585,338625,4802083
586,343750,5715209
587,349833,4802750
588,328625,4801042
589,369416,4919750
590,331584,4950209
591,345375,5914167
592,358792,5022958
593,334791,4899167
594,340000,4804041
595,350125,5425541
596,339250,4860208
597,342333,4870084
598,352209,4857458
599,338625,4965417
600,335666,5691667
601,363417,5085125
602,335667,5061458
603,341416,4790167
604,370875,4919542
605,368542,5767334
606,365792,5747125
607,357333,4884875
608,349042,4947417
609,352250,5730625
610,370292,5029167
611,336000,4922875
612,343417,4835250
613,361459,4794875
614,334792,5652500
615,354625,4850167
616,364125,5002333
617,349125,4982958
618,336083,4805041
619,367375,5901250
620,344084,4996917
621,328667,4801958
622,351000,4795666
623,335959,5760708
624,346750,4883458
625,347000,4925666
626,326041,5055167
627,349209,4814042
628,341000,5438000
629,340958,5003625
630,338833,4830000
631,334750,4867666
632,347959,5021209
633,336209,5648542
634,349250,4895417
635,348416,5026416
636,348167,4964541
637,329000,5632500
638,374583,5098459
639,341708,4950417
640,328875,4821375
641,362167,4996625
642,342458,5757166
643,354708,4924792
644,366875,4974958
645,344250,4862875
646,349958,4831250
647,365291,5738833
648,361333,4841250
649,321917,4840417
650,356833,4867250
651,966709,4963333
652,352875,4864042
653,375458,4920334
654,334458,5019958
655,363167,4785833
656,347625,5806584
657,343708,4970917
658,341708,4811917
659,339042,4878250
660,345583,5026375
661,343125,5754500
662,356583,4935708
663,321583,4969416
664,338666,4793791
665,349916,4822375
666,347875,5544541
667,359916,4775959
668,333833,4785042
669,348375,4995167
670,344625,5356459
671,346000,4869583
672,363417,4991458
673,327500,4846292
674,351833,4811625
675,329167,5600292
676,337125,4793625
677,339875,4808667
678,353791,4909125
679,345792,4870125
680,340083,5761708
681,391875,4969750
682,329375,4802875
683,348667,4830208
684,394625,5442916
685,357875,4920625
686,370541,4846667
687,349542,4879417
688,340666,4923917
689,338875,5638833
690,349625,4913625
691,352208,4952375
692,328667,4782791
693,343833,4791875
694,325500,5604459
695,343917,4795667
696,349084,4797375
697,335541,4956167
698,348583,5647500
699,338500,4868208
700,340500,4983667
701,341334,4815917
702,330958,4786791
703,359709,5548750
704,334500,4858083
705,347791,4848667
706,358250,4920917
707,349625,4829167
708,342041,5581916
709,367333,4912625
710,379417,4818042
711,338542,4851042
712,340042,5437125
713,326750,4924667
714,368291,4857334
715,343167,4871250
716,334125,4944125
717,354042,5704042
718,339250,4891083
719,350375,4892542
720,332875,4797292
721,361666,4807542
722,354000,5547500
723,336375,4901667
724,355125,4869375
725,335417,4983834
726,1001042,4797542
727,331791,4909750
728,337416,4952166
729,343333,4799709
730,318417,4781709
731,379084,5602375
732,432459,6028792
733,411375,6074167
734,432166,6235208
735,536209,6696792
736,350292,6130083
737,368750,4853334
738,349292,4929625
739,345083,5141125
740,350667,4846292
741,348666,5770833
742,339500,5172125
743,384750,4803042
744,345166,4993584
745,375041,5765250
746,343709,4872542
747,351250,4881167
748,338042,5549083
749,344958,4846958
750,374875,5477000
751,339416,5012541
752,343167,4827000
753,330000,4796792
754,384541,4968500
755,344959,5788041
756,364959,4916625
757,358209,5018833
758,336500,4822875
759,352375,5699125
760,348083,5061042
761,335750,4841209
762,341792,4805583
763,345417,4864834
764,363917,5856334
765,337583,4939375
766,358458,4939417
767,332125,4871042
768,351625,4812667
769,358125,5573125
770,336166,4956084
771,350458,4821000
772,344000,4821875
773,359917,5645709
774,348042,4876917
775,357000,4909416
776,369917,5044500
777,338458,4809291
778,356417,5487167
779,337833,4987792
780,365458,4846042
781,338333,4882792
782,337625,5032917
783,353292,5643667
784,344084,5035000
785,347667,5276291
786,328166,4862209
787,366917,5514041
788,371750,5384416
789,382083,5722125
790,408625,5731958
791,410334,7483125
792,343417,6408584
793,345125,5610667
794,336417,4870000
795,345958,5035333
796,327667,5041209
797,358292,5563625
798,343041,4914291
799,336458,5052541
800,342667,4808083
801,1402958,4860292
802,349375,5118167
803,331917,4812750
804,361542,4878042
805,334500,5068458
806,347333,5696250
807,347500,4903291
808,347375,5043125
809,346708,4806625
810,338584,4852084
811,359541,5731583
812,334709,4822041
813,335667,4803292
814,363833,4994959
815,326250,4841875
816,355083,5519000
817,366083,4947833
818,341500,4925417
819,343125,4798500
820,343916,5505208
821,362667,4981250
822,335875,4833334
823,357209,4776375
824,334917,4972125
825,354917,5657708
826,360584,4890417
827,337500,4933542
828,359375,4785125
829,335000,4800375
830,356917,5529250
831,360542,4867000
832,346458,4810375
833,357375,4950833
834,346750,5532292
835,355625,4866958
836,328250,5019625
837,355708,4777416
838,338584,4791292
839,344375,5575250
840,346208,4847625
841,345500,4810917
842,367458,4974417
843,345708,4800084
844,347917,5491500
845,366958,5007084
846,344791,4825125
847,360042,4785792
848,347708,5485375
849,355333,4877833
850,325666,4819042
851,350750,4838958
852,343042,4919958
853,343459,5515792
854,363958,4926583
855,341500,4974209
856,348791,4783875
857,350125,4788750
858,341792,5570333
859,343500,4817209
860,328250,4853791
861,342000,4985750
862,327959,5563208
863,349125,4894583
864,332500,4994792
865,363500,4818916
866,346916,4783833
867,343458,5535125
868,354416,4907458
869,329458,4843833
870,338250,4998625
871,344708,4815333
872,362583,5720875
873,364625,5198584
874,332542,4800542
875,343583,4837625
876,944833,4890792
877,351416,4920417
878,345791,4864709
879,371250,4890708
880,346125,4827000
881,332917,5771417
882,368833,4950125
883,345625,4852625
884,342459,4801500
885,348167,4837375
886,334958,5686000
887,355041,4870334
888,334292,4926833
889,338625,4972875
890,341750,4794625
891,354084,5604417
892,345500,4955208
893,327375,4790875
894,354917,4802750
895,359125,5668208
896,347209,4911458
897,346125,4892958
898,333042,4963750
899,344625,4799500
900,349833,5681666
901,350917,5036333
902,333167,4816542
903,339292,4797500
904,342000,5064666
905,350500,5634375
906,360792,4869375
907,330792,5008667
908,337709,4809792
909,329250,5393625
910,343834,4952750
911,345833,4817875
912,332083,4792125
913,381584,4930417
914,335625,5584875
915,344541,4940833
916,364042,4930292
917,330792,4949708
918,347041,4879125
919,364250,5760250
920,356250,4827125
921,341542,4834667
922,344583,4814292
923,352125,5745250
924,330083,4842333
925,350542,4921916
926,339750,4909125
927,346709,4785708
928,350291,5860417
929,345708,4968542
930,350834,4787583
931,327167,4790583
932,350709,5033292
933,347166,5834542
934,353083,4890584
935,334875,4981292
936,355083,4788042
937,344834,5486667
938,332250,4977375
939,341833,4781083
940,332000,4799333
941,353875,5001708
942,351209,5679708
943,344541,4895333
944,338459,5045708
945,331541,4822417
946,359458,4789750
947,344375,5845875
948,337917,4790416
949,344834,4794917
950,364250,4855834
951,342166,5437291
952,337375,4864541
953,356666,4891708
954,327375,4974750
955,339833,4787792
956,403750,5525667
957,327250,4866833
958,349042,4891833
959,359584,4834167
960,351125,4992167
961,350666,5763416
962,356541,4845292
963,347625,4952375
964,326708,4856500
965,1025750,4807833
966,320958,4926041
967,342667,4791084
968,338083,4815709
969,331167,4969208
970,354917,5592417
971,325625,4860708
972,348334,5054875
973,336708,4955042
974,340750,4820125
975,347167,5535542
976,340042,4824125
977,339875,4826125
978,352708,4915416
979,346292,4816667
980,334458,5804292
981,343250,5153542
982,341167,4821792
983,326041,4793250
984,387459,5555584
985,329875,4837875
986,341875,4800584
987,364083,4867667
988,328167,4909000
989,353708,5677792
990,339209,4940000
991,352875,4912000
992,344417,4823333
993,345375,4822250
994,357333,5508333
995,340584,4870834
996,352916,4851875
997,343833,4914959
998,363250,5656667
999,342875,4871375
1000,343792,4976625
