numberOfIterations,mergeSort,quickSort
1,1079292,2305334
2,5127875,276375
3,761292,319042
4,736541,223333
5,968459,284500
6,1270917,483417
7,1300042,480417
8,1308083,505041
9,2745334,504125
10,733750,212625
11,735584,219459
12,927000,224834
13,887458,314916
14,901125,289042
15,865708,302625
16,1143542,283375
17,1316875,499167
18,1308416,526625
19,1297042,499583
20,1346000,480125
21,1330084,494583
22,2366959,500541
23,736792,208417
24,630667,224584
25,474000,217417
26,371917,221000
27,438333,243917
28,417958,247833
29,554083,255917
30,517125,291875
31,488416,302084
32,481958,276333
33,501000,310917
34,492875,263125
35,1909958,293000
36,752000,450875
37,757917,460458
38,765250,454833
39,784791,481625
40,754708,461417
41,790917,449750
42,812250,491083
43,819041,485167
44,811708,457125
45,766208,468125
46,784375,460250
47,742417,449625
48,766125,446125
49,792875,459666
50,591042,459875
51,331083,193917
52,332875,199917
53,328375,200625
54,339917,195917
55,336250,197334
56,341125,197250
57,1491167,197208
58,435208,245959
59,458333,251125
60,458791,253333
61,500625,254709
62,474292,257000
63,502042,258292
64,459500,260250
65,475000,269792
66,449750,254583
67,464583,249917
68,485584,254791
69,452042,260375
70,506875,252459
71,471042,268291
72,381000,257292
73,325583,198500
74,322208,192334
75,325292,194084
76,327833,194750
77,338250,198209
78,333708,194208
79,337958,195625
80,344041,1348791
81,340875,202791
82,351791,197417
83,349250,200166
84,348625,201583
85,355875,206625
86,342041,201583
87,341750,196666
88,336417,200791
89,336542,198167
90,338458,198208
91,325584,200625
92,336500,195708
93,340500,202625
94,338667,200000
95,355667,202959
96,341542,208334
97,329959,201250
98,334750,198208
99,323875,199833
100,327541,199875
101,333083,197709
102,1251666,230167
103,321833,195375
104,319208,212542
105,334916,202375
106,339500,201541
107,349542,197208
108,357875,197750
109,351875,196500
110,343125,196292
111,346459,202458
112,335875,200541
113,344041,198042
114,339750,201083
115,341625,201083
116,340167,201417
117,344375,197666
118,331958,199917
119,326334,194084
120,347958,198708
121,335500,196541
122,343792,198250
123,336334,200709
124,1748667,197209
125,794625,463708
126,750792,457833
127,758125,450167
128,759291,449083
129,803333,477042
130,777625,453209
131,766958,450542
132,773708,447667
133,763542,456416
134,764167,446375
135,774125,447709
136,743666,463250
137,757792,445375
138,766875,456125
139,749417,489416
140,740584,449500
141,766709,462416
142,753792,445500
143,741542,440959
144,741875,447333
145,615792,438292
146,328416,204958
147,339500,200000
148,327792,195416
149,335083,196042
150,343500,190791
151,342708,198250
152,341375,195084
153,335125,199000
154,334875,194875
155,355250,199041
156,380333,201625
157,356125,204875
158,338916,195958
159,1657250,200917
160,441041,250500
161,443500,256584
162,452791,251000
163,463667,261750
164,453250,257000
165,445583,264875
166,453333,258000
167,439458,259709
168,456625,261583
169,449083,268958
170,476000,283125
171,463042,255333
172,569375,262583
173,440125,261583
174,460708,301167
175,467041,265375
176,477000,263084
177,492792,262792
178,521041,261209
179,446125,267916
180,344375,256625
181,349000,197500
182,337417,201833
183,324833,200333
184,330041,198792
185,334709,197916
186,332750,195541
187,322000,197375
188,330791,197708
189,320916,203541
190,316042,198250
191,325333,192709
192,328417,203583
193,363458,238375
194,1457750,199916
195,312000,197250
196,348334,204250
197,356416,197084
198,355166,197541
199,373875,198875
200,470667,262292
201,347750,198792
202,344625,197250
203,374917,195375
204,367042,198000
205,354000,209166
206,353041,197917
207,375750,197541
208,353667,199459
209,360542,207334
210,358333,206041
211,349792,201459
212,318959,197416
213,337584,197417
214,571166,197625
215,504958,368208
216,336125,196792
217,340167,198125
218,351250,195958
219,362125,198000
220,351584,196500
221,347459,197250
222,350542,198208
223,346958,194875
224,363708,204167
225,360041,200584
226,351208,201667
227,344250,199250
228,349083,195292
229,1234708,198958
230,356500,193125
231,362500,207583
232,362708,202167
233,343250,197666
234,371625,206334
235,326125,210125
236,324625,196000
237,345250,196208
238,418958,199083
239,346750,214833
240,339375,202041
241,341292,202750
242,340250,202750
243,343667,199250
244,369625,200375
245,360500,206833
246,338958,205917
247,344500,192083
248,405000,193666
249,400417,216750
250,329041,191334
251,350958,192583
252,328959,192916
253,341792,189334
254,335459,198041
255,327875,194917
256,340958,247542
257,333625,212292
258,322542,196500
259,339833,195042
260,341417,196875
261,332750,195792
262,339083,196917
263,332833,195667
264,1894834,195292
265,751792,451625
266,774584,455125
267,758583,464000
268,751708,461750
269,751625,461834
270,765292,459667
271,765542,466333
272,764875,460292
273,779583,461375
274,745625,483000
275,782959,465292
276,752125,453750
277,776667,450125
278,519583,456458
279,334875,201584
280,338958,197875
281,329792,198417
282,329375,194292
283,337875,196875
284,326916,196958
285,336792,196750
286,320583,197083
287,329708,195500
288,330833,196416
289,327917,199917
290,327000,198125
291,325708,195375
292,345875,196584
293,342792,200792
294,348042,205292
295,340542,201125
296,349542,197958
297,367292,203792
298,368667,198542
299,368834,208541
300,382125,202750
301,339167,239375
302,365250,201083
303,336875,202333
304,345541,200917
305,359750,206875
306,344750,209417
307,336708,195584
308,434875,1436541
309,451792,254375
310,438625,261750
311,459000,269458
312,446458,256000
313,465792,254292
314,476833,262000
315,466958,259417
316,471333,269959
317,494833,269125
318,471708,269083
319,465334,268542
320,504209,265000
321,634625,269875
322,347167,196541
323,351834,200542
324,341583,200750
325,343042,201708
326,335792,199667
327,355667,198375
328,360917,202875
329,330208,206083
330,344667,199292
331,331500,194292
332,325167,198000
333,327125,197375
334,334083,195000
335,345500,197375
336,331166,197917
337,341791,198417
338,339042,196084
339,366750,195958
340,340917,196291
341,342042,196916
342,351375,196875
343,340917,195375
344,332458,197542
345,337834,196208
346,332666,196250
347,337500,196875
348,331875,198375
349,324625,195042
350,319166,197708
351,1250583,196792
352,323125,197875
353,358000,195542
354,335791,202667
355,356084,201667
356,375542,206750
357,362542,200375
358,328583,210541
359,334334,202667
360,349583,194167
361,338708,195000
362,340584,195916
363,334250,195250
364,346208,195667
365,349333,195208
366,387125,191667
367,351083,210209
368,346458,207584
369,355250,201917
370,339541,203792
371,336375,202667
372,335875,200250
373,338042,199292
374,333708,204042
375,332500,200042
376,334958,198667
377,340125,207250
378,336125,200417
379,342792,203625
380,356792,201458
381,347542,201958
382,368000,204125
383,364750,205292
384,390625,238042
385,539250,210459
386,505875,229417
387,323625,205750
388,395166,227083
389,356084,214542
390,387958,213959
391,358584,210875
392,353416,202709
393,391458,241250
394,452584,256500
395,322166,1864959
396,360541,221959
397,368750,225583
398,413875,225750
399,397292,227208
400,402958,228667
401,390875,238833
402,342625,216791
403,330542,205917
404,372166,208792
405,352375,215292
406,348792,219667
407,440166,218917
408,412875,222167
409,390500,225250
410,420833,221042
411,476666,258458
412,376583,202875
413,460167,250750
414,387208,221667
415,432542,215125
416,391958,234667
417,355208,221625
418,382458,198834
419,363833,218584
420,380292,220083
421,350208,214209
422,352875,210500
423,367834,233292
424,385083,222750
425,362917,215292
426,357500,215041
427,356958,229834
428,422709,208292
429,373208,214958
430,438416,244792
431,363666,230500
432,370459,214625
433,437708,240625
434,407000,217375
435,400791,221167
436,438916,221125
437,377500,241375
438,1880584,213125
439,376500,212000
440,462750,239292
441,423292,239500
442,366417,214833
443,392583,211166
444,386709,215208
445,365625,214667
446,377458,210459
447,383000,226458
448,417500,214000
449,348291,227125
450,469375,235458
451,355500,236750
452,371417,219167
453,371917,212875
454,404875,206333
455,403208,220000
456,372500,217542
457,417208,216459
458,405125,217417
459,421667,218166
460,465125,228084
461,392083,225333
462,344625,205042
463,355042,202291
464,357084,207375
465,350542,201042
466,344708,208958
467,334417,200875
468,328417,203084
469,336667,207875
470,336291,205959
471,335708,215750
472,346416,208000
473,342333,204042
474,331167,204500
475,344541,203750
476,380416,207208
477,345542,203500
478,374959,215625
479,353834,203125
480,352458,205333
481,1144959,205875
482,338083,212917
483,354375,208792
484,361791,201042
485,375375,206041
486,345959,202750
487,358458,206416
488,357417,201208
489,351875,211709
490,351042,198000
491,326333,201875
492,322917,201125
493,353125,201166
494,348208,204958
495,344166,221667
496,334667,205250
497,350416,201167
498,340084,213708
499,353541,203083
500,340583,199875
501,394042,214750
502,368375,212417
503,378709,214541
504,380709,208417
505,361375,206416
506,395333,214125
507,378417,209875
508,381750,212125
509,383625,217291
510,351708,214834
511,407917,248041
512,370417,227500
513,395292,234500
514,364917,220667
515,382958,219208
516,389666,231208
517,392208,227042
518,383041,223583
519,376833,217959
520,371166,219375
521,368333,209250
522,384625,216875
523,393167,226334
524,382833,215916
525,1181500,220666
526,391167,208541
527,406917,216791
528,368833,212667
529,395709,226125
530,397875,227875
531,372583,214292
532,439917,242916
533,383541,221042
534,332834,199583
535,346500,207833
536,340459,214333
537,357625,213750
538,374125,240459
539,396083,218667
540,392625,219792
541,381042,215708
542,370625,218792
543,393917,217750
544,429500,224416
545,377083,215083
546,374875,205208
547,388084,214791
548,390541,213208
549,389500,215792
550,381583,214875
551,362167,210625
552,379917,216792
553,360208,212833
554,360375,210250
555,366583,226417
556,376042,227959
557,401625,242291
558,379417,223167
559,374625,219250
560,364166,219666
561,382375,219375
562,365958,221458
563,370500,240041
564,369667,226917
565,378958,211959
566,379625,228250
567,398542,219750
568,1172500,239333
569,343917,206833
570,439750,222375
571,350959,211416
572,377458,212208
573,363959,217666
574,448750,221500
575,356083,219041
576,393334,221417
577,423958,237666
578,373042,201000
579,383417,215333
580,385583,220917
581,390583,261791
582,350791,218542
583,373833,213042
584,367250,213958
585,391500,216583
586,385666,213667
587,372708,226166
588,374375,227750
589,355209,215292
590,363750,219625
591,360625,219417
592,372833,212542
593,364333,206708
594,391416,220583
595,439500,255041
596,413625,214500
597,391041,209959
598,391000,215000
599,383875,213333
600,369875,215750
601,347292,212750
602,352417,202250
603,346084,204542
604,397542,227417
605,376792,211000
606,385208,220458
607,382042,222417
608,388083,220292
609,387125,213625
610,385291,210375
611,321834,204459
612,1069208,197125
613,323458,193125
614,327167,201958
615,331083,204917
616,324292,199208
617,348542,197375
618,346792,199750
619,352708,193625
620,353333,202625
621,345334,196209
622,363667,197750
623,377334,199042
624,349083,196375
625,337958,195625
626,338417,197625
627,331792,196125
628,332084,201250
629,320166,194959
630,337250,196708
631,325875,202333
632,325500,196292
633,335583,198208
634,324792,200042
635,324458,198959
636,323292,196667
637,322917,200000
638,328250,200834
639,346041,196666
640,333625,200416
641,346625,197292
642,339167,193167
643,349125,194916
644,341709,191791
645,348334,203792
646,329084,194667
647,332125,200000
648,348167,199208
649,331000,200250
650,323583,196125
651,340042,199500
652,345875,197916
653,347292,198250
654,327791,198834
655,847708,194875
656,305584,197042
657,322500,204750
658,322208,199375
659,330709,198625
660,348625,191750
661,344625,199083
662,343583,200208
663,343708,195250
664,343459,197375
665,344333,192667
666,342042,198958
667,338833,197709
668,336000,197584
669,338625,201666
670,343542,201500
671,331542,199709
672,342583,199000
673,342417,197542
674,348959,195791
675,328916,196625
676,322250,194458
677,323083,197542
678,327125,212000
679,322042,205209
680,324750,194292
681,342083,198375
682,347292,201000
683,345208,199333
684,341417,200833
685,338917,195584
686,390500,207583
687,375083,204375
688,342208,205292
689,333541,197125
690,343292,196625
691,362667,200417
692,333792,198542
693,332541,195250
694,337875,197666
695,343084,196208
696,333500,194416
697,336000,194000
698,324917,195459
699,324625,991500
700,329917,196333
701,317625,201333
702,326042,195333
703,326959,195500
704,327875,200792
705,346333,200083
706,350292,200250
707,343458,200125
708,341375,196333
709,347917,194916
710,351417,199167
711,368750,203459
712,355125,196375
713,334167,198959
714,368167,205125
715,349250,202417
716,352333,201750
717,338166,196250
718,326291,198916
719,340542,199292
720,327583,198000
721,329000,196458
722,336000,195917
723,320834,196917
724,323583,197875
725,320584,198917
726,326000,199500
727,320125,196375
728,335083,198416
729,340708,195083
730,335125,199416
731,353291,193292
732,334416,194625
733,342625,197917
734,340625,197375
735,349083,196958
736,340000,201208
737,324250,197333
738,336458,192958
739,336833,193375
740,335916,196833
741,345667,196208
742,908625,197209
743,340375,195292
744,359958,205417
745,336917,196417
746,330084,194834
747,348291,201292
748,319916,202500
749,327709,195875
750,328583,197333
751,327209,195625
752,329125,195250
753,331750,193042
754,317250,198208
755,331917,196750
756,324458,197542
757,326792,202666
758,330166,195333
759,336334,199250
760,340833,193042
761,354542,195625
762,348458,200583
763,344167,196208
764,348291,194916
765,340834,198208
766,335458,201250
767,341417,199875
768,338417,206458
769,349708,195541
770,343875,193541
771,336958,194583
772,348041,197000
773,350084,197667
774,339917,197917
775,346208,200417
776,334083,201083
777,343750,202167
778,326917,202292
779,327458,201125
780,338834,202500
781,336375,194209
782,349209,198583
783,337667,195583
784,343542,194458
785,342041,196125
786,354541,949625
787,356333,197125
788,348459,202500
789,350375,197833
790,342167,202667
791,346125,195792
792,325125,200375
793,339250,202000
794,333791,200125
795,344958,201583
796,331958,201625
797,333792,199417
798,334500,203875
799,330083,198500
800,329208,196583
801,345666,203125
802,340500,203833
803,343959,200833
804,357000,201125
805,384250,212041
806,326125,206250
807,336459,197917
808,350375,198500
809,341750,193833
810,344333,196542
811,338166,197500
812,324625,197459
813,325041,196500
814,323458,195666
815,326167,196917
816,327959,204250
817,327584,198958
818,331375,195583
819,339500,195042
820,350500,199666
821,335708,195959
822,326500,197083
823,338791,204458
824,354750,204791
825,336792,196208
826,332459,202042
827,336667,199875
828,333708,193750
829,1054292,195542
830,338417,196125
831,364084,203708
832,360042,198666
833,340625,198333
834,388958,200625
835,345792,204083
836,329291,200167
837,330542,195500
838,334417,197125
839,315625,196625
840,326084,199500
841,325750,198166
842,319625,194792
843,327166,195917
844,350958,194042
845,333250,198500
846,336708,197250
847,364292,193541
848,332000,201916
849,333875,200625
850,339542,196500
851,350709,203875
852,337209,198500
853,334375,198208
854,345875,198917
855,338417,195291
856,340459,195792
857,334959,197666
858,343917,198291
859,336166,192708
860,330667,195291
861,331625,200500
862,335375,202917
863,336708,195417
864,354792,204500
865,343375,199000
866,345500,196917
867,343833,200125
868,324042,203833
869,356500,198708
870,339791,197291
871,335584,195916
872,341750,194584
873,333750,847292
874,339250,194333
875,391917,209250
876,335667,202000
877,337583,198834
878,343708,198500
879,353667,194375
880,337000,195167
881,333375,200667
882,366042,198291
883,325708,198583
884,337125,198750
885,332625,195625
886,339959,201792
887,329708,204417
888,328375,201333
889,378542,201125
890,340917,205125
891,359708,205625
892,343375,202500
893,354792,196916
894,375583,203042
895,360584,198125
896,352666,193167
897,335541,198166
898,339292,196250
899,338042,196208
900,340166,197834
901,352958,198208
902,326875,200375
903,337750,195125
904,336750,197917
905,343500,195166
906,328458,195416
907,332583,193917
908,326375,194250
909,339459,197542
910,329958,199042
911,329541,199000
912,314500,192750
913,326041,196166
914,316084,201875
915,328542,192458
916,1096208,198459
917,320750,200875
918,346292,201209
919,342167,201792
920,352208,199416
921,343541,199375
922,356041,197500
923,359667,201292
924,353417,195500
925,356417,198417
926,349041,198542
927,350708,194291
928,338584,195834
929,343459,197792
930,335666,199417
931,329125,198834
932,340209,195833
933,335416,196625
934,333500,196125
935,333250,199042
936,324916,194041
937,321584,196875
938,328125,197417
939,335292,198125
940,328791,197542
941,332833,196875
942,324791,195833
943,325750,193083
944,342875,196917
945,332125,195834
946,334542,196833
947,329167,194375
948,338000,196875
949,347042,196000
950,357125,205792
951,352625,200708
952,352459,201459
953,354541,200875
954,372625,197250
955,356250,209000
956,327458,196375
957,328250,201083
958,326958,197041
959,325958,205084
960,320833,953542
961,323416,195292
962,320333,194959
963,330333,200208
964,326791,197000
965,360000,198000
966,362875,201459
967,340500,196208
968,338333,194834
969,345958,196292
970,348583,195167
971,353167,200541
972,349458,199208
973,341292,207625
974,344958,203375
975,337584,199125
976,339958,209458
977,334833,199625
978,341583,193958
979,353209,198125
980,354958,233708
981,332041,215000
982,329208,197375
983,336875,198334
984,368166,199167
985,338583,200750
986,325334,192916
987,335250,200250
988,331250,198041
989,331042,198000
990,331250,201625
991,350334,193583
992,347917,198208
993,351167,198708
994,343709,194000
995,344500,193416
996,350000,194500
997,326333,201208
998,335042,199375
999,328542,198042
1000,345584,199333
