numberOfIterations,mergeSort,quickSort
1,1182250,1143625
2,3681875,1261083
3,760541,861750
4,844083,839875
5,1313000,1154125
6,1354292,1172417
7,1366583,1225041
8,765542,2079084
9,749708,847791
10,953625,852542
11,857792,983792
12,892875,918584
13,1224834,972542
14,1419583,1237000
15,1482250,1338291
16,1404291,1362167
17,1349625,1266958
18,1818708,1226625
19,737708,848417
20,775125,846000
21,742291,882708
22,865084,847542
23,1082917,1186250
24,1233250,1199583
25,1242833,1284500
26,1217083,1246917
27,1220417,1229750
28,1173875,1309333
29,1308125,2562041
30,1343791,3256666
31,1423709,787375
32,1406500,797542
33,1356458,824541
34,1381417,845000
35,1359917,814375
36,707791,644542
37,884000,316750
38,962333,739959
39,1071917,585917
40,814833,644542
41,715166,285333
42,717541,276750
43,743917,268167
44,1205125,1827500
45,1228833,732000
46,1251375,732209
47,1210625,727500
48,1246333,750875
49,1214542,727542
50,1204167,744708
51,698584,458792
52,700375,272792
53,766000,277042
54,706541,279583
55,709000,263000
56,789292,274167
57,713750,272500
58,383792,299166
59,347708,1296125
60,355750,280541
61,351792,276209
62,353833,274334
63,401750,278250
64,345250,283209
65,344000,287667
66,342791,295125
67,343917,284583
68,367791,290333
69,338667,328708
70,373917,309416
71,361750,310958
72,331084,307000
73,357292,319250
74,343125,1226583
75,351875,304042
76,339416,310542
77,353250,312708
78,349083,301375
79,334334,305458
80,334167,313666
81,339834,308667
82,331042,308833
83,325417,306417
84,335500,307375
85,338666,318375
86,342625,307500
87,340666,338667
88,343791,317125
89,845791,1470459
90,849833,753583
91,954667,1165708
92,904625,1213541
93,873417,853416
94,897958,868417
95,3150708,846375
96,892125,835167
97,918125,836042
98,899667,848541
99,444334,846417
100,334584,316417
101,330125,320167
102,349625,337125
103,381750,356000
104,370500,347583
105,403625,336000
106,760333,357041
107,626542,668709
108,367292,410917
109,336458,309833
110,1678625,306875
111,832208,711417
112,826458,728083
113,798917,690666
114,852375,733750
115,830417,721709
116,829792,735666
117,815875,738709
118,823958,733834
119,786750,737083
120,469875,716083
121,320709,303916
122,321167,304000
123,332875,302958
124,341000,310500
125,372917,331250
126,350542,319166
127,356833,322000
128,367042,336209
129,355042,370042
130,350458,311000
131,1379375,316125
132,310083,288542
133,322667,306666
134,328792,302542
135,324500,303250
136,327084,304916
137,339917,310833
138,325833,305334
139,332416,303500
140,336167,309041
141,329834,313041
142,331708,303125
143,334375,304292
144,337292,303250
145,342458,314084
146,336875,307875
147,343875,313000
148,359959,327958
149,353250,318834
150,342583,316834
151,348583,317208
152,336791,319291
153,316917,1209000
154,361292,302750
155,362125,312375
156,345417,331125
157,340459,314750
158,350500,345291
159,335958,325334
160,367708,314167
161,345334,320708
162,350292,324792
163,346667,390584
164,345875,316792
165,347500,315917
166,334750,315084
167,342416,317250
168,356541,313875
169,320333,328667
170,328000,316041
171,354208,321166
172,340250,324834
173,348083,320583
174,1346792,4221458
175,977000,831584
176,1378458,923625
177,925708,892208
178,1211500,1068542
179,2495375,1078000
180,2064917,1641375
181,898292,1446375
182,2406209,886625
183,2349000,1134542
184,1698333,4004792
185,1955458,1197291
186,1521167,1870125
187,926583,1146666
188,432500,696625
189,450500,356792
190,437000,374750
191,432083,396542
192,432667,407750
193,479083,436375
194,416000,393125
195,505292,416667
196,484667,457084
197,460250,367041
198,400083,500375
199,362875,328833
200,394584,377458
201,423667,350458
202,333958,338416
203,1624042,312667
204,882666,795000
205,896292,804500
206,891166,826000
207,864958,787208
208,813917,780875
209,864833,753958
210,848791,759667
211,850125,765458
212,806000,758458
213,748042,744250
214,748791,731000
215,751875,738792
216,825959,806458
217,709459,750250
218,362708,333125
219,362666,340083
220,379667,330083
221,354916,321500
222,350375,306750
223,387958,340000
224,338958,327625
225,371750,328459
226,336542,314500
227,353375,339084
228,375000,331625
229,350458,341000
230,350458,319833
231,387959,337167
232,359125,332167
233,1253833,330416
234,376500,319791
235,386875,352125
236,374250,367584
237,375542,354833
238,437083,361833
239,383500,326833
240,337417,332584
241,394209,327917
242,344833,335667
243,346417,318167
244,369250,363000
245,377459,326541
246,387334,351500
247,372708,336625
248,369000,349459
249,384041,369791
250,395042,360042
251,357166,331334
252,394125,349708
253,390875,351250
254,370917,351667
255,388166,334584
256,392000,364417
257,408042,360750
258,350375,351292
259,378083,323666
260,409625,323042
261,398750,348958
262,395417,349125
263,302708,1465791
264,388667,327625
265,380041,334916
266,391333,344875
267,388416,303417
268,365917,345458
269,387000,348458
270,357500,351791
271,347917,327041
272,371542,337084
273,339084,317000
274,347542,364208
275,362584,329083
276,360958,332375
277,366459,358166
278,373625,337166
279,361708,338458
280,367917,339292
281,386292,356583
282,381791,339708
283,402375,347542
284,377875,349666
285,380583,349000
286,379667,343750
287,356416,335875
288,391042,328291
289,377375,377666
290,376166,329291
291,344583,309250
292,1669125,335500
293,342042,308042
294,367500,355667
295,372792,343792
296,352917,340125
297,413000,334916
298,365000,322584
299,376833,335375
300,373959,326125
301,412708,320292
302,372292,322041
303,452042,347083
304,403375,360666
305,390041,343542
306,394792,327875
307,390834,348166
308,355500,335917
309,358625,328209
310,339292,326958
311,350083,315333
312,340000,335875
313,370458,312292
314,370250,323458
315,359000,339291
316,339750,338250
317,365542,332166
318,354875,333500
319,356167,329875
320,373125,322792
321,358166,345625
322,364792,998500
323,380958,344959
324,379041,344709
325,375500,335083
326,396542,362958
327,371125,331333
328,361333,329208
329,352959,360875
330,368042,340375
331,364250,360792
332,382458,341333
333,333333,337625
334,387083,331500
335,358375,341625
336,349250,338125
337,379167,316834
338,362625,367209
339,348666,308041
340,410209,340958
341,396084,351833
342,389417,350083
343,349875,327291
344,349125,349250
345,364125,347042
346,371250,339625
347,359500,377500
348,394250,367333
349,362250,337625
350,374417,334750
351,399625,339958
352,328458,1131125
353,353750,328625
354,386750,328458
355,383625,352583
356,381583,340791
357,391583,327917
358,417750,360833
359,369708,325291
360,375750,321792
361,379708,334917
362,373667,336500
363,360916,342084
364,351458,332625
365,349125,320333
366,347458,323834
367,395625,367584
368,383459,342333
369,391416,360791
370,359625,342667
371,369000,311166
372,361916,330583
373,359084,338208
374,374417,352958
375,354708,311042
376,344834,314084
377,364000,312584
378,339666,325458
379,339334,319000
380,337375,328542
381,1705041,305709
382,806000,755458
383,889917,795750
384,1499500,822291
385,1018000,836333
386,893583,840709
387,1109084,830375
388,825542,793083
389,872083,819167
390,5080708,865584
391,851917,749541
392,814084,4207667
393,825708,730000
394,854083,1859041
395,859000,1498333
396,637500,834708
397,344875,321292
398,339083,313542
399,338500,311125
400,345500,317542
401,383375,313792
402,364292,334583
403,365792,347250
404,412958,351500
405,345875,322875
406,429583,322208
407,418375,327667
408,420833,333958
409,337833,320291
410,334833,313500
411,341459,312417
412,332542,320667
413,337250,311208
414,324375,315125
415,319667,314708
416,327542,315083
417,331000,318125
418,329958,312958
419,329000,311791
420,800083,1201417
421,817209,728209
422,820792,731083
423,818458,738333
424,806333,718583
425,781709,750125
426,794500,739291
427,811667,692958
428,883333,705084
429,782292,705250
430,780666,724500
431,812750,718042
432,801292,715708
433,836167,714500
434,714042,753791
435,340875,308292
436,334333,309500
437,335750,304750
438,343416,309541
439,319625,323667
440,339292,318125
441,330917,304708
442,339667,307792
443,342083,305750
444,336500,306375
445,335292,308750
446,323417,312500
447,325834,305250
448,336917,309584
449,318292,312625
450,318000,300625
451,318542,308375
452,324958,302000
453,330917,311792
454,325250,304125
455,324250,308291
456,328792,310583
457,338792,319584
458,975458,313041
459,343000,327709
460,354708,311542
461,351916,309083
462,351917,315500
463,369209,311792
464,349375,325000
465,354875,319375
466,350667,308959
467,337541,301791
468,331000,304250
469,326917,298833
470,322416,312833
471,314500,319708
472,319917,317209
473,330334,303500
474,326750,322417
475,329666,312750
476,331666,308625
477,339584,312625
478,344083,304041
479,341625,299125
480,339250,300750
481,328750,301917
482,330334,300042
483,343750,312334
484,334084,318958
485,327125,312792
486,326541,312916
487,343209,318875
488,328208,316833
489,326917,309209
490,334833,304334
491,328500,302708
492,325833,302125
493,334458,302959
494,338334,309167
495,342375,307125
496,334250,305708
497,365250,1113792
498,349833,304208
499,343542,308333
500,331584,315500
501,337791,308750
502,338666,312416
503,327333,314000
504,337334,310125
505,329291,314375
506,328625,307250
507,334583,311334
508,334333,309000
509,335666,313584
510,340250,306166
511,395709,356375
512,346750,419500
513,333667,299333
514,356583,303042
515,341625,305875
516,328334,310916
517,326500,305500
518,317875,305667
519,326542,331916
520,330166,315208
521,326333,306542
522,322250,304708
523,332250,301334
524,328208,304125
525,327583,301834
526,334916,309583
527,332917,302833
528,330583,305583
529,339750,306208
530,329417,312125
531,327083,308416
532,342834,308208
533,344958,304916
534,360458,304791
535,954333,312667
536,348666,298208
537,333500,323583
538,323167,305500
539,328750,304917
540,324708,315958
541,321833,310333
542,327000,305875
543,323625,308917
544,330458,307208
545,336000,304792
546,359042,313500
547,362125,309417
548,335459,310750
549,334541,301125
550,339583,303750
551,322250,319541
552,321500,317417
553,326959,309917
554,313750,304458
555,321125,303625
556,314958,310750
557,316958,307500
558,324584,307917
559,342334,307834
560,337125,312000
561,344291,309500
562,335625,304375
563,334916,322084
564,329125,309333
565,335209,309250
566,341542,305666
567,355250,303416
568,335917,300000
569,336917,304750
570,333584,304583
571,337958,301458
572,336500,307708
573,322500,302875
574,974750,310834
575,324417,306167
576,319709,316041
577,320125,313667
578,332166,308083
579,336375,302292
580,339041,310084
581,332333,307542
582,347667,307167
583,350958,331708
584,340167,312417
585,341292,311000
586,340042,317166
587,341250,316708
588,328000,306792
589,329000,303166
590,322458,301167
591,333334,308750
592,325792,308250
593,335042,304333
594,328750,305375
595,328875,304583
596,318625,306458
597,316250,308958
598,331417,310875
599,343125,311458
600,336125,310500
601,340583,306875
602,342542,309166
603,329167,304167
604,334500,305458
605,335000,309666
606,335583,300333
607,339208,302542
608,334917,302500
609,346583,304375
610,343333,312875
611,329166,316834
612,335625,318166
613,316125,1088042
614,340292,314292
615,339583,318375
616,336625,313000
617,341167,307083
618,336542,311292
619,343334,316917
620,334375,308083
621,343209,300875
622,339250,303584
623,335375,309916
624,326667,307625
625,333666,305875
626,319750,312333
627,320792,308708
628,330292,317958
629,329959,311417
630,331458,308667
631,318375,310250
632,334875,306834
633,345167,311958
634,344167,305667
635,343542,317250
636,353833,303209
637,343125,314459
638,340583,307667
639,341042,310084
640,328041,315791
641,329459,305458
642,340125,303417
643,333125,305083
644,332250,300250
645,326750,303125
646,321000,306208
647,325459,302750
648,322583,303583
649,333500,304583
650,331541,310416
651,1169750,306167
652,349917,308750
653,348750,314333
654,359583,303792
655,342917,309666
656,338083,311084
657,336917,308041
658,340708,317542
659,335208,315958
660,331083,308167
661,329833,312166
662,341208,315583
663,318792,307250
664,320084,303500
665,324375,304833
666,327500,304209
667,324375,304084
668,330208,305416
669,336125,306084
670,326833,306625
671,331083,314542
672,345375,307125
673,338875,305250
674,342833,303667
675,336084,302292
676,339917,303292
677,337042,301291
678,335167,306708
679,330042,303750
680,335417,301083
681,331917,306375
682,317750,314125
683,316458,304625
684,335833,322375
685,343500,312750
686,338292,310541
687,352708,304666
688,348584,314334
689,333750,314417
690,327375,1043917
691,335792,311625
692,338458,309209
693,332791,300084
694,348125,307250
695,328292,303458
696,326333,306125
697,343708,315959
698,348500,313334
699,331459,310458
700,327417,317417
701,341334,315083
702,321750,308709
703,329500,312542
704,350791,304625
705,359584,313458
706,344208,306167
707,339250,307041
708,352833,310333
709,344291,311750
710,334583,314416
711,345875,313417
712,357167,308500
713,330292,300041
714,327709,302959
715,325500,302625
716,324417,304667
717,333167,309833
718,321375,300583
719,338459,303500
720,333292,309083
721,327459,318291
722,333583,313167
723,339583,310375
724,334750,305542
725,332500,303167
726,339459,310375
727,334916,298708
728,1202833,311042
729,350625,305666
730,331083,302542
731,326875,316875
732,337250,304208
733,340583,310125
734,338959,307667
735,353000,312583
736,330292,319834
737,322000,305625
738,339791,303500
739,329958,305875
740,377250,320000
741,368584,352083
742,371292,344208
743,392500,301459
744,333208,310791
745,327709,307041
746,333750,304791
747,335833,304416
748,335584,307916
749,325125,301625
750,332583,303083
751,328084,304333
752,326209,302792
753,324625,301250
754,350291,322209
755,344750,303250
756,334625,303417
757,329875,303958
758,382333,329500
759,347208,311334
760,339583,307584
761,341917,309334
762,353083,308334
763,325250,300333
764,324333,305125
765,329167,306625
766,326583,309958
767,318334,970042
768,332125,309083
769,322208,301500
770,338083,305917
771,326458,307209
772,337541,308250
773,342750,313458
774,335250,312333
775,338417,300625
776,339000,301917
777,345458,315458
778,345458,310166
779,330833,319584
780,331041,312875
781,341000,313042
782,351542,305792
783,334750,308917
784,335375,310250
785,341792,311083
786,333292,306208
787,335584,317084
788,328959,313042
789,319458,315625
790,341792,303250
791,332208,305667
792,336083,302333
793,337875,302708
794,349292,304042
795,338042,302125
796,331333,305583
797,325584,304250
798,319917,312833
799,330500,308166
800,317167,304708
801,316208,305958
802,329791,307375
803,327250,306625
804,325042,307292
805,924500,305959
806,330417,302459
807,338834,320333
808,339666,313500
809,344250,310125
810,357125,311084
811,340041,320000
812,344167,319083
813,352625,306583
814,338417,308459
815,339250,301000
816,343584,305708
817,340125,306125
818,334250,307417
819,325958,303667
820,325625,312041
821,322417,317458
822,338750,310542
823,327750,304708
824,327833,308875
825,330417,310000
826,333583,306208
827,369417,312583
828,348125,307292
829,344209,305500
830,344542,310500
831,329667,304792
832,347791,310041
833,341750,318417
834,334500,314458
835,329125,312875
836,346291,319500
837,342000,318750
838,332834,305167
839,331791,320958
840,336000,306292
841,329833,311292
842,336000,311167
843,331875,312833
844,347334,906833
845,350166,301083
846,353208,308958
847,345292,308375
848,349458,299375
849,349958,314750
850,340875,310375
851,341834,314125
852,341042,311333
853,327250,309542
854,324292,310625
855,331542,309542
856,331958,314291
857,337333,310792
858,342209,313084
859,345417,312958
860,340791,310208
861,344333,311291
862,341208,324416
863,340167,307542
864,334375,308042
865,337417,303208
866,329500,304916
867,331000,303750
868,326917,301791
869,320250,302459
870,338375,307042
871,329792,308166
872,317708,302542
873,323583,310292
874,322666,308750
875,323833,314000
876,325375,310000
877,329666,309625
878,326084,304667
879,345958,306375
880,335334,304709
881,348834,310667
882,965333,305750
883,341166,299000
884,362541,313500
885,328041,323792
886,356375,329834
887,331083,303375
888,326458,301791
889,326750,303417
890,324167,307250
891,332250,305833
892,327709,305250
893,327791,313167
894,348583,303292
895,328333,310750
896,329792,308166
897,332083,306125
898,344459,314708
899,336833,302958
900,336000,309625
901,339375,306333
902,340917,300458
903,329792,301917
904,331333,303500
905,332125,299250
906,324292,301917
907,328875,306708
908,337125,302959
909,330500,314417
910,333291,311833
911,331917,305708
912,328708,315791
913,329375,319167
914,330666,311042
915,328292,306958
916,339416,305333
917,330084,316292
918,339375,304250
919,341833,305667
920,331584,307375
921,1097500,303333
922,357208,304333
923,339292,329166
924,326958,306417
925,330458,307417
926,329250,312250
927,320791,313041
928,324292,311750
929,337208,304708
930,345000,305791
931,340083,300875
932,358542,320291
933,351000,314917
934,354292,319583
935,347958,313792
936,344667,316583
937,320083,305292
938,325167,301667
939,327166,305083
940,319459,302792
941,325958,304792
942,325417,309625
943,331500,301833
944,314084,304334
945,328625,308750
946,323250,307708
947,328375,307041
948,334083,303750
949,330667,303541
950,338709,303458
951,332334,303500
952,344875,305875
953,348292,301750
954,350916,303542
955,334375,300417
956,336917,298917
957,336000,303917
958,329375,306916
959,342000,314375
960,321208,931125
961,332583,317959
962,324459,307417
963,324500,309250
964,335541,304834
965,339375,303917
966,364125,342042
967,337125,314458
968,342166,325667
969,334292,316875
970,339459,314500
971,331042,299875
972,325208,299083
973,328042,303375
974,322708,305791
975,332500,304917
976,334875,300833
977,325750,307625
978,318958,304375
979,334167,306000
980,347291,349875
981,319666,312459
982,335125,305958
983,355333,313959
984,353458,319666
985,342250,307833
986,348208,315167
987,332458,317041
988,338125,302541
989,333167,314250
990,355000,329792
991,331083,300209
992,327958,301917
993,330917,304458
994,329708,299042
995,329416,301583
996,323416,305375
997,323750,303083
998,950416,302583
999,327250,300750
1000,336084,312166
