numberOfIterations,mergeSort,quickSort
1,1542875,1306208
2,756959,1491083
3,1285584,974584
4,1345334,1542958
5,745792,2572541
6,763958,631416
7,741834,779625
8,744292,714250
9,1316125,1576917
10,1337333,1620041
11,2510000,1603541
12,744417,596000
13,710584,622750
14,372167,575792
15,391083,705125
16,370042,614959
17,348750,651833
18,774083,2084417
19,773708,1525875
20,795458,1503375
21,761833,1437541
22,760041,1463833
23,747542,1491125
24,737584,1486667
25,348667,607333
26,369583,608834
27,337834,595583
28,1447083,579042
29,372583,579917
30,388375,614333
31,362458,638500
32,369834,617917
33,359625,588917
34,332250,598834
35,388708,588208
36,368417,633541
37,338083,587500
38,349833,576709
39,335083,1441083
40,371542,576875
41,341625,612292
42,365000,579292
43,371500,589000
44,376417,647708
45,372625,629667
46,386917,631625
47,377833,620875
48,363583,611417
49,373125,621000
50,357333,1550209
51,372000,594167
52,343125,619500
53,408625,606416
54,391666,861417
55,451750,690917
56,454625,725833
57,450417,735042
58,527458,809250
59,1155000,779708
60,953750,2923125
61,1061125,1939166
62,1450583,2643875
63,931708,1864375
64,885209,1743875
65,826625,1592375
66,798500,1601625
67,888334,1646458
68,852250,1579166
69,871000,1748833
70,855541,1630958
71,1059500,1964583
72,805042,1530250
73,898166,1692708
74,997083,1646709
75,381792,686917
76,383208,637375
77,381375,633458
78,417666,644167
79,1674000,716209
80,388000,584875
81,365000,656958
82,493208,783125
83,526750,854959
84,501291,855000
85,711417,1107541
86,650375,1417083
87,346917,558250
88,365792,598875
89,384792,600083
90,443000,594250
91,410292,633084
92,468625,777917
93,490000,841958
94,364459,562375
95,355541,584208
96,360875,589292
97,363083,602708
98,1675667,600708
99,394042,552000
100,384958,777625
101,373250,600292
102,360667,584500
103,435750,666708
104,377167,627000
105,423209,653667
106,423916,685000
107,360000,615458
108,389750,622667
109,369583,629542
110,368208,602958
111,336792,585667
112,365958,604833
113,418792,628166
114,377000,654458
115,367583,610250
116,366208,672250
117,359708,601500
118,364833,1813667
119,376791,609375
120,423125,618459
121,379208,607709
122,348375,594584
123,346750,604667
124,370208,584708
125,336291,594750
126,380125,584583
127,353792,608750
128,385375,645500
129,359834,736666
130,355916,609291
131,677709,660667
132,351500,858333
133,356042,581667
134,375708,617083
135,396875,668833
136,368958,707083
137,366000,1737417
138,378459,643500
139,383542,619583
140,370542,614708
141,341000,613042
142,403541,618625
143,372833,675500
144,392084,624542
145,368083,614875
146,388167,643667
147,346417,589958
148,372708,598666
149,370750,630333
150,373084,648500
151,354375,630667
152,345041,600917
153,353583,579292
154,340416,592166
155,351666,584167
156,923000,2614292
157,815250,1709167
158,833125,1668125
159,820708,1568167
160,798166,1641584
161,799666,1626875
162,795166,1580500
163,845208,1656541
164,848459,1651792
165,767875,1580042
166,813916,1579416
167,807542,1602458
168,793917,1540333
169,788833,1527208
170,778666,1568417
171,779209,1527542
172,371000,1307625
173,346333,594291
174,371167,588958
175,357834,651250
176,405958,726875
177,371834,615375
178,363875,631625
179,424000,619083
180,387334,653208
181,383375,622083
182,385208,622500
183,372834,687334
184,341708,578292
185,512500,1840584
186,469292,944083
187,518167,893708
188,481250,855042
189,485625,852875
190,494083,863458
191,461625,922542
192,478333,867000
193,516542,961000
194,474000,862208
195,471291,865375
196,508083,892625
197,478750,851834
198,473125,936791
199,484541,889875
200,452000,815333
201,374208,874667
202,393542,672250
203,379416,644708
204,369125,620083
205,411708,619667
206,369125,630625
207,369459,674583
208,364250,610292
209,360042,613375
210,361583,615250
211,350250,648250
212,383458,611750
213,392041,633000
214,369417,1743917
215,370541,588625
216,374958,625583
217,376500,598375
218,359792,613125
219,483083,604792
220,371084,761333
221,384667,738458
222,371750,658875
223,402083,616166
224,387250,610917
225,405208,635583
226,401792,699625
227,370125,645125
228,395333,679125
229,344708,613666
230,401875,625125
231,357000,641791
232,368459,620583
233,393666,597917
234,390458,648125
235,377625,644500
236,371459,629459
237,391625,694792
238,344333,751541
239,444542,602792
240,358083,654959
241,340667,710042
242,1978417,610708
243,361750,555125
244,454958,761250
245,342042,621208
246,350792,586750
247,342000,581833
248,355083,615750
249,343708,579333
250,362416,594875
251,361042,587292
252,335792,586333
253,357541,577292
254,339459,583750
255,357083,582041
256,362375,654458
257,357292,667750
258,366750,593333
259,370167,644583
260,365209,615583
261,334000,583875
262,363583,582542
263,342250,612292
264,352459,579958
265,367459,607792
266,407292,657791
267,379916,640792
268,378708,625792
269,386625,659125
270,357417,603417
271,1197042,630750
272,350916,598166
273,364166,640791
274,357875,595792
275,376500,634334
276,354667,624625
277,364250,613042
278,345375,587125
279,358708,583791
280,352167,598625
281,346291,579750
282,356791,604292
283,342959,584834
284,384292,609708
285,346958,602875
286,329291,588083
287,386875,605250
288,338917,579875
289,365458,591792
290,345250,631208
291,362000,602084
292,375709,627625
293,362375,604000
294,353417,593000
295,340250,600166
296,360792,580333
297,337000,588958
298,356250,589167
299,366625,608792
300,347584,1308250
301,371542,618958
302,424334,662125
303,377000,628542
304,363125,618125
305,370250,624834
306,343959,646625
307,359417,596875
308,368125,618500
309,364084,653875
310,369250,597084
311,332375,580917
312,363667,580959
313,336542,589500
314,368958,583375
315,364583,616792
316,374208,592166
317,347250,590000
318,336542,581125
319,351708,578000
320,340083,578500
321,354167,578042
322,365000,594708
323,379291,617375
324,374666,613541
325,382333,645708
326,372041,639000
327,363291,595792
328,343083,587875
329,348375,1274209
330,357042,608833
331,348250,598875
332,400750,647875
333,357708,645833
334,370875,622583
335,358416,623416
336,368208,677250
337,365375,620666
338,355708,610584
339,387417,628083
340,364750,612375
341,377625,593583
342,384917,629959
343,372750,602708
344,471875,595292
345,372584,1088958
346,337375,598875
347,353417,593041
348,360084,610417
349,347875,586375
350,358166,582667
351,336292,589041
352,363334,579709
353,341667,578667
354,353625,593666
355,353375,594000
356,357209,628291
357,354041,606167
358,343833,1383333
359,363375,606375
360,352041,593541
361,364875,626917
362,361834,579625
363,362666,640834
364,380084,630459
365,374250,668875
366,387333,666209
367,371083,609083
368,416458,624375
369,354584,621416
370,367583,618000
371,372167,630083
372,358375,636083
373,363708,590875
374,386667,602542
375,378583,593750
376,343000,593583
377,365167,611125
378,336458,583125
379,342250,601584
380,350833,582375
381,358917,638000
382,351875,583500
383,335250,587333
384,356667,684042
385,329875,630167
386,361166,588791
387,352334,1335917
388,378500,626333
389,357458,592958
390,377583,648000
391,343500,585875
392,348209,588625
393,356667,577792
394,338375,585000
395,369583,614458
396,342042,599500
397,372834,581583
398,382667,611084
399,384042,649917
400,376416,614583
401,371083,627250
402,382125,672083
403,359333,627917
404,399333,634459
405,373375,612834
406,355334,587292
407,336584,586500
408,341458,602167
409,354541,580333
410,338792,583584
411,402334,584500
412,332583,596042
413,355958,612167
414,334458,589166
415,1075208,575792
416,353292,570000
417,370250,602416
418,367292,594916
419,380750,589833
420,369750,620209
421,350417,587542
422,350167,594291
423,363792,587000
424,342708,583833
425,362084,590375
426,342625,584208
427,362875,590667
428,352209,620083
429,361334,596459
430,349167,572750
431,351084,582917
432,353208,584208
433,342125,580208
434,354459,582833
435,336875,579875
436,389958,582667
437,363458,594333
438,358875,591292
439,361750,577959
440,336083,576209
441,359125,588833
442,332541,585584
443,355208,575167
444,1025083,589958
445,376916,633459
446,366042,617250
447,370333,616375
448,344709,594917
449,370916,596291
450,373709,581833
451,349834,599542
452,381250,586541
453,344375,595917
454,363875,597584
455,348708,591541
456,389959,611042
457,334542,578500
458,349000,588042
459,347000,576209
460,350458,589875
461,358875,594292
462,342250,588459
463,353000,576417
464,335583,589500
465,355709,594083
466,349916,592334
467,358042,577042
468,337791,584125
469,341416,574583
470,374792,603000
471,343542,599500
472,363250,593541
473,1097875,571334
474,364584,575250
475,369833,614416
476,387459,617250
477,362584,617542
478,357375,619209
479,412458,659583
480,333625,611917
481,363083,621584
482,336000,577833
483,361334,583292
484,347334,612583
485,342959,582750
486,354042,588042
487,360000,615583
488,413083,641875
489,359208,600417
490,362959,595000
491,377125,754292
492,384708,611625
493,369917,652583
494,408208,616916
495,378084,631042
496,417375,722584
497,362292,601375
498,344792,604542
499,362041,618833
500,333083,604292
501,357709,593917
502,358167,1304708
503,354333,694625
504,394750,569250
505,338083,642000
506,378250,610667
507,341250,598667
508,370375,596000
509,397750,615584
510,590917,987042
511,421750,891334
512,408958,683458
513,351792,616833
514,347583,584917
515,375291,591958
516,374916,581708
517,355000,600167
518,326625,588209
519,364541,584000
520,384292,598250
521,369000,595167
522,352875,599334
523,382750,619333
524,417708,753541
525,375416,664375
526,432584,680584
527,368250,712959
528,427833,630792
529,360875,636708
530,349916,621291
531,366417,1306917
532,353958,623042
533,384375,609834
534,337542,680167
535,365500,578375
536,370125,631375
537,361709,589250
538,401792,641500
539,343042,618125
540,354959,624000
541,352667,600750
542,350625,590084
543,343833,578917
544,347584,591167
545,365750,571791
546,359500,585708
547,375875,589417
548,365209,572792
549,358833,606792
550,335250,594750
551,352000,582250
552,346292,579083
553,399792,597583
554,350917,589000
555,353584,589458
556,367875,612459
557,344542,635166
558,368000,618459
559,364083,615500
560,362458,1269833
561,379625,661541
562,361583,618417
563,393250,684708
564,366958,617833
565,360417,625292
566,369583,615000
567,363166,590334
568,349959,600000
569,369125,595291
570,345417,617459
571,364333,586291
572,384750,610292
573,375083,633167
574,374084,607333
575,373209,645791
576,373750,564083
577,336917,595875
578,372708,574291
579,377250,650875
580,352459,589792
581,359666,598041
582,362875,597917
583,364542,604833
584,359917,605042
585,355416,585708
586,342792,585834
587,370375,652833
588,365625,624500
589,413750,1322792
590,396083,648834
591,372875,699417
592,389292,602750
593,388917,682500
594,385833,698209
595,356458,670750
596,423375,643875
597,358833,705333
598,417542,723375
599,352292,698208
600,372750,660500
601,407250,623333
602,377875,648833
603,396500,625250
604,386291,647542
605,474584,646958
606,350292,558250
607,350958,579083
608,345500,592250
609,334958,577333
610,360041,586542
611,350500,580917
612,356000,576875
613,336250,589333
614,382000,614208
615,325208,650584
616,350250,574083
617,1063709,585666
618,389041,589750
619,357666,596667
620,373667,637958
621,376041,633166
622,369667,575166
623,349000,580042
624,343917,604958
625,348709,586042
626,379750,633000
627,350750,655667
628,415709,641875
629,412500,623042
630,365041,636917
631,348208,632667
632,362167,605625
633,339959,606250
634,348958,591208
635,360208,623958
636,352583,595833
637,368208,613417
638,349625,653458
639,360083,592750
640,335084,637917
641,368541,594250
642,341208,576416
643,352625,601250
644,343583,578542
645,376292,574291
646,1066125,608000
647,334167,650875
648,356292,594334
649,347334,576375
650,361750,606958
651,364167,591500
652,355333,626500
653,368292,604125
654,376000,612208
655,358167,602917
656,370333,587750
657,360792,583292
658,342250,609333
659,351625,591500
660,383458,647833
661,374000,670166
662,395458,620833
663,403375,625250
664,379708,633583
665,358750,618084
666,361334,603458
667,365583,630542
668,360000,586458
669,358917,591250
670,343292,595875
671,380542,620958
672,357459,616625
673,351250,593709
674,345292,591167
675,362083,1346083
676,353667,588417
677,384292,602167
678,365625,609083
679,340666,590959
680,367583,590834
681,342375,600042
682,339459,590042
683,353667,599917
684,334208,596208
685,378125,635500
686,345542,599209
687,373000,602667
688,370500,610958
689,362542,601750
690,381292,578792
691,370458,592334
692,344125,575791
693,365750,585000
694,371250,634333
695,387584,661375
696,368000,617833
697,426333,643834
698,372084,629292
699,336916,619917
700,363500,600166
701,354000,605458
702,387083,626166
703,364959,602208
704,346208,1361041
705,361166,596625
706,351250,593291
707,361917,586917
708,345791,637500
709,359916,583583
710,344125,598792
711,362417,611917
712,344750,580167
713,362250,584250
714,358167,612459
715,346292,598084
716,366750,589750
717,342500,595500
718,392459,611084
719,354250,595125
720,383250,636250
721,378417,621250
722,353375,604916
723,355125,597416
724,343666,583333
725,355000,587750
726,375958,594208
727,367208,638541
728,372125,659000
729,370542,659791
730,359958,619250
731,393709,627000
732,365542,649417
733,362042,1397584
734,393041,616625
735,344959,619125
736,389125,607667
737,355833,649959
738,343750,576875
739,359583,584625
740,354750,593708
741,353292,583209
742,344625,596625
743,354958,607083
744,342334,598625
745,344416,575125
746,358458,581333
747,340292,587459
748,352458,578000
749,330250,580166
750,355833,578750
751,336583,580291
752,372917,623583
753,350167,589500
754,382708,604417
755,352125,648333
756,345584,600500
757,351708,583708
758,346459,607167
759,347708,581292
760,342125,595167
761,371833,629958
762,354916,1250917
763,381667,653042
764,357666,637750
765,372500,664542
766,349334,644625
767,356833,612708
768,402000,608458
769,337333,614375
770,373291,603833
771,353166,620625
772,352208,613000
773,350083,583167
774,369458,579083
775,372667,596750
776,333875,599542
777,372458,630542
778,385334,645917
779,368542,651292
780,405541,681250
781,387875,664125
782,377625,669750
783,388500,615000
784,381708,661041
785,377167,681083
786,388667,659417
787,390083,644625
788,404292,699750
789,384542,674334
790,380666,632458
791,430667,1308417
792,379167,659291
793,433625,636708
794,387042,725292
795,440292,634167
796,400584,728417
797,435125,724875
798,434584,728417
799,404792,717959
800,443792,674417
801,373833,688292
802,405542,659250
803,390709,685833
804,405250,668500
805,406209,670792
806,380875,715833
807,380583,654917
808,374708,648542
809,404458,689209
810,358750,647500
811,395541,695792
812,388917,645000
813,408333,633291
814,425916,703959
815,361208,641500
816,413917,629791
817,393334,677166
818,442375,670208
819,1106667,686041
820,385334,623708
821,461833,657500
822,444583,694250
823,408292,643834
824,470125,662416
825,440750,773250
826,400333,625667
827,418583,716917
828,400250,662500
829,407167,639334
830,372792,666167
831,422875,698375
832,395292,694042
833,416083,694458
834,383500,667833
835,391125,748750
836,398125,660958
837,383417,660542
838,369666,658125
839,360625,640917
840,378625,678792
841,356709,620625
842,389208,635750
843,381333,663167
844,391333,693709
845,406750,669500
846,373000,657708
847,409042,665750
848,1171375,630625
849,426375,623750
850,411500,665250
851,397583,679833
852,408709,685833
853,408167,695750
854,424750,615250
855,370458,663500
856,401709,719041
857,394583,713459
858,405209,791958
859,358000,662083
860,379250,644167
861,441083,686083
862,413042,632667
863,402917,683000
864,416333,775083
865,386125,672583
866,358958,605958
867,391125,645250
868,375709,640042
869,421750,716916
870,407667,664625
871,374458,657166
872,389333,662791
873,368375,663375
874,388000,637500
875,356584,625500
876,436334,719625
877,365792,1567709
878,414666,698625
879,382958,667084
880,376000,723042
881,382792,632709
882,381375,619292
883,391542,645542
884,356291,634458
885,396541,651750
886,383375,626291
887,403291,657833
888,373791,633667
889,395916,629209
890,391500,657542
891,360208,634584
892,392625,635792
893,418250,671166
894,408542,645167
895,416125,694000
896,368250,628916
897,358291,637958
898,323958,572167
899,361125,572292
900,335500,575333
901,370709,573833
902,339709,583583
903,348834,596709
904,351417,574917
905,336666,580500
906,371042,1324708
907,347292,584667
908,376083,580958
909,346292,600541
910,349542,592375
911,357500,629000
912,367708,656875
913,356708,577375
914,339375,583000
915,344375,580083
916,355833,596791
917,355667,579541
918,336417,571833
919,357625,615375
920,360292,604083
921,333834,570875
922,362667,582208
923,336125,577542
924,349792,595542
925,353125,597667
926,382916,618500
927,393667,612917
928,346792,626458
929,363958,609583
930,332959,583875
931,353625,596709
932,341583,594625
933,353917,572417
934,345375,572958
935,411792,1388917
936,369334,604916
937,360458,568375
938,348375,579375
939,356542,611000
940,343625,596292
941,333750,572708
942,347709,584584
943,333541,577791
944,360834,606250
945,352416,583334
946,358958,577583
947,350125,591625
948,341917,573375
949,343541,582875
950,344625,586875
951,359000,575208
952,374083,575083
953,359625,578292
954,339167,593125
955,356875,594542
956,333833,578667
957,347459,578584
958,346041,574584
959,342875,571583
960,358458,573666
961,345875,579459
962,384625,598833
963,346083,619084
964,380667,1345292
965,346916,587209
966,342458,594875
967,364833,597875
968,344375,624125
969,385625,582500
970,351542,607042
971,369125,606000
972,379333,576541
973,343750,591791
974,358667,575458
975,325000,585667
976,375917,589292
977,365084,578541
978,349708,604708
979,321458,590625
980,364000,572542
981,332417,598667
982,358708,574417
983,345416,578500
984,338666,589583
985,361625,579000
986,335750,605542
987,368583,595167
988,349000,586500
989,353875,588000
990,351584,576209
991,347250,585667
992,1179417,577334
993,352250,575708
994,364958,638375
995,342750,618333
996,382833,622334
997,358333,606667
998,375167,597041
999,338708,597917
1000,366750,578625
