numberOfIterations,mergeSort,quickSort
1,38625,199417
2,37834,153417
3,36333,152333
4,36584,152666
5,35250,149583
6,205292,150667
7,43625,143875
8,34625,151042
9,31459,140625
10,29709,133083
11,14125,128375
12,11292,121792
13,11250,113584
14,11542,120667
15,11209,114333
16,11083,111292
17,11042,115416
18,11209,113000
19,11250,111084
20,11292,111792
21,11125,113250
22,11542,110917
23,11292,112167
24,11166,113250
25,11125,111584
26,11167,111542
27,11834,134375
28,11125,128250
29,11208,115500
30,11125,113916
31,11208,115292
32,14000,113834
33,11583,117875
34,11250,117500
35,11208,115084
36,11000,114000
37,11167,116333
38,11209,117334
39,11125,115667
40,11125,113416
41,11916,121417
42,13334,131916
43,12875,130750
44,11083,125709
45,15916,113708
46,13000,123083
47,16042,131583
48,13125,128917
49,13125,128792
50,12000,132292
51,13083,132208
52,12750,136458
53,12292,133250
54,15625,131208
55,12750,134375
56,15459,151708
57,13500,143000
58,13750,132417
59,12208,132083
60,13500,132541
61,14375,129042
62,12333,131000
63,13291,134792
64,14458,130750
65,12208,174792
66,13250,130166
67,13417,129583
68,13416,141750
69,13416,134709
70,12875,140708
71,12417,136958
72,13958,134917
73,13208,130125
74,12334,131708
75,16750,131833
76,13125,135250
77,12167,133791
78,13291,141209
79,12500,132250
80,12125,132417
81,13125,131833
82,14417,130333
83,12167,130625
84,14042,3537625
85,19208,127583
86,12916,134500
87,11417,140125
88,11458,126583
89,11875,124208
90,11417,125083
91,11542,127917
92,11375,124542
93,11459,123292
94,11417,126708
95,11542,125125
96,11500,123875
97,11375,123791
98,11375,125791
99,11458,123834
100,11417,126166
101,11833,123750
102,11375,123834
103,11333,125583
104,11750,124000
105,11709,123833
106,11750,127458
107,11500,123625
108,11416,123417
109,11458,123042
110,11417,123125
111,11333,123833
112,11375,123750
113,11375,123542
114,11458,123375
115,12292,128791
116,11375,124625
117,11417,125500
118,11458,123167
119,11459,124458
120,11417,123333
121,11458,123334
122,11417,123375
123,11542,123875
124,11375,126291
125,11625,122917
126,11750,123959
127,17792,123958
128,11500,127125
129,12167,126833
130,11417,126042
131,11500,122833
132,11375,123125
133,11500,124584
134,11416,123000
135,11458,123667
136,11459,124166
137,11416,131250
138,11375,125708
139,11500,123084
140,11500,123667
141,11417,123833
142,11417,124041
143,11417,122875
144,11833,124459
145,11417,126250
146,11958,122792
147,11375,123833
148,11625,124334
149,11417,123958
150,11791,123375
151,11417,122791
152,11750,124792
153,11417,124750
154,11333,123334
155,11417,127375
156,11416,123209
157,11750,127042
158,11833,123667
159,11542,123458
160,11334,123625
161,11459,128875
162,11459,124958
163,11458,123584
164,12208,123417
165,11459,127375
166,11708,123542
167,11792,125416
168,11458,124542
169,11625,123791
170,11459,124083
171,12542,124375
172,11792,124166
173,11583,123708
174,11375,123625
175,11375,131041
176,11500,123209
177,11458,122625
178,11541,123542
179,11417,123542
180,11417,123416
181,11541,123917
182,11541,124417
183,12625,128250
184,12875,142791
185,13417,135750
186,14292,136417
187,12083,127125
188,11584,123875
189,11500,127000
190,11833,123458
191,11458,122833
192,11291,129500
193,11750,128750
194,11792,128500
195,11334,127375
196,11416,125167
197,11375,124000
198,11417,123166
199,11292,123542
200,11333,123500
201,11834,123833
202,11500,124209
203,13791,139584
204,12458,132208
205,12334,131166
206,13625,130958
207,12625,174292
208,13000,132333
209,13500,131667
210,12541,137667
211,12875,133041
212,13917,135416
213,13625,131709
214,12458,133667
215,13542,132042
216,13333,130209
217,12666,135542
218,13458,133541
219,13084,131375
220,12458,131417
221,12166,141458
222,13500,130708
223,12459,134667
224,12958,140292
225,13750,140625
226,12500,133708
227,12459,134708
228,14250,133709
229,13125,133959
230,12791,133917
231,14125,136250
232,12625,133834
233,12416,133334
234,14250,131917
235,13625,144666
236,12542,130250
237,13791,131959
238,14459,150958
239,12500,136625
240,13500,133500
241,14292,131625
242,12375,132875
243,12542,132542
244,18042,131750
245,12833,137042
246,12750,136708
247,13750,134916
248,15667,144625
249,12625,131417
250,14083,140959
251,12375,132917
252,13000,138833
253,13375,133125
254,12458,137125
255,13500,135375
256,14041,139791
257,13583,137208
258,13334,139458
259,13459,139125
260,13458,128916
261,12208,130167
262,14334,142708
263,13375,132000
264,12292,130166
265,12583,131167
266,13375,137958
267,12166,133667
268,12458,132542
269,14250,131417
270,12709,132083
271,12459,130291
272,13709,130833
273,12958,133583
274,12875,132333
275,13500,131250
276,12541,146000
277,12375,135666
278,13375,132000
279,13625,131458
280,12792,80083
281,13500,27084
282,13417,25208
283,12375,32125
284,13834,25416
285,13667,25667
286,12334,26875
287,13833,28417
288,13792,25000
289,12417,35583
290,13584,27333
291,13834,24333
292,12458,24917
293,12458,25250
294,13958,33875
295,12458,26667
296,12500,25458
297,13458,26709
298,12375,25208
299,12667,25000
300,13500,25500
301,12791,30333
302,12500,26667
303,13500,38416
304,13500,26542
305,12417,25542
306,13625,27042
307,13291,24750
308,12708,31875
309,13334,26666
310,13375,25167
311,12667,27958
312,12792,25125
313,13542,27084
314,12625,25375
315,12791,27916
316,13833,25583
317,12417,35250
318,12542,27250
319,13625,35042
320,12500,25709
321,12375,26750
322,14458,36834
323,12667,28125
324,12625,26167
325,13333,30166
326,13334,26458
327,12666,25625
328,13875,27209
329,13750,29791
330,12916,26458
331,13625,35958
332,13792,27125
333,12333,27250
334,12459,26125
335,13083,26041
336,12708,32458
337,12250,27625
338,13500,25709
339,12500,28666
340,12458,27375
341,13625,27709
342,13750,25875
343,12583,29000
344,13625,35333
345,13291,23958
346,12458,27125
347,13375,25833
348,13375,24667
349,12375,25083
350,13583,31125
351,13542,25166
352,12541,27041
353,14084,27125
354,13292,25125
355,12667,25958
356,12417,26083
357,14458,29292
358,12667,39041
359,13125,28458
360,14208,30833
361,12458,27666
362,12417,27875
363,13792,26500
364,16000,1117292
365,11459,11083
366,11458,10208
367,11500,11375
368,11291,10209
369,11333,10834
370,11458,12750
371,11500,12291
372,11333,9875
373,12416,9833
374,11875,10875
375,11458,9917
376,11417,9834
377,11417,10000
378,11833,11209
379,11333,9917
380,22000,10500
381,10542,11750
382,10542,10708
383,10375,10083
384,10833,10958
385,10916,12167
386,10792,11084
387,10875,10708
388,10833,12250
389,11000,10792
390,10875,11083
391,10875,11250
392,10917,12292
393,10792,10375
394,11292,11333
395,11333,11375
396,10750,10417
397,10833,10625
398,10875,11208
399,10833,11334
400,10792,10541
401,10709,10458
402,11542,11375
403,10833,11458
404,10500,11042
405,10375,10125
406,10625,11916
407,10542,10958
408,10541,10000
409,10500,11083
410,10542,10125
411,10500,9917
412,10458,11208
413,10584,11208
414,10458,10750
415,10750,10417
416,10541,10875
417,10417,10083
418,10375,10584
419,11375,9917
420,10542,11250
421,10375,10500
422,10542,10042
423,10458,12459
424,10458,10833
425,10375,10583
426,11583,10209
427,10500,10667
428,10417,10333
429,10417,11000
430,10459,12000
431,10416,10334
432,10458,10334
433,11708,10542
434,10458,11000
435,10875,10375
436,10667,10292
437,10584,11333
438,10250,10208
439,10416,10000
440,11375,10250
441,10333,10292
442,10500,9958
443,10417,10084
444,10458,10875
445,10375,10125
446,10375,10250
447,11416,10166
448,10458,10791
449,10459,11083
450,10458,10083
451,10375,11417
452,10708,11167
453,10458,10417
454,11334,10958
455,10417,10042
456,10667,10375
457,10584,10250
458,10416,11000
459,10375,10042
460,10417,11083
461,11416,10584
462,10417,10959
463,10458,10709
464,10500,10625
465,10416,10959
466,10375,10292
467,10459,10416
468,10375,11833
469,10458,10125
470,10417,10209
471,10334,10333
472,10583,11209
473,10500,10750
474,10583,10500
475,10375,12625
476,10583,10583
477,11500,12625
478,10500,11667
479,10417,13042
480,10500,11167
481,10583,12000
482,10417,13459
483,13375,19042
484,10375,12083
485,10375,11458
486,10417,12250
487,11875,26292
488,11833,29083
489,10334,28958
490,10459,10292
491,10458,10625
492,10458,10792
493,10542,11333
494,11167,23167
495,12334,27375
496,11417,32833
497,10583,21834
498,10500,10083
499,10791,9959
500,10500,11333
501,11459,10750
502,10500,11042
503,10583,13542
504,10500,10875
505,10375,10417
506,10375,10458
507,12792,11209
508,12083,26958
509,11459,28083
510,12542,33000
511,11000,16959
512,10708,11375
513,10916,11541
514,10750,13750
515,10833,11292
516,10833,11500
517,10666,12792
518,11458,11042
519,11083,11417
520,10750,11542
521,11750,18708
522,11666,27875
523,12750,27750
524,11792,30583
525,10834,10666
526,10792,10917
527,10834,10416
528,10875,12209
529,10875,10459
530,10834,11666
531,10833,12459
532,10916,10625
533,10750,10459
534,10917,10833
535,12416,21916
536,12583,26916
537,12209,29833
538,10958,33792
539,11458,10792
540,10875,11083
541,10958,10541
542,10875,12500
543,10458,12541
544,10416,11375
545,10458,13042
546,10542,10083
547,10500,10875
548,10500,10792
549,11541,27792
550,11542,27333
551,12417,26750
552,10583,21292
553,10416,10291
554,10667,10250
555,10500,10584
556,10500,11167
557,10500,10708
558,10500,10292
559,10750,12584
560,10667,10542
561,10417,11875
562,11500,14542
563,11500,26750
564,12042,27417
565,11458,29292
566,10500,14166
567,10416,10292
568,10500,10542
569,10458,10042
570,10458,11584
571,10375,10208
572,10500,10125
573,10375,11584
574,10375,10125
575,10375,10583
576,12875,19041
577,11959,27458
578,11167,28292
579,11459,31250
580,11625,15000
581,11208,11959
582,10834,10833
583,10917,12167
584,10917,12875
585,10750,11000
586,10875,11042
587,11041,26167
588,10792,10792
589,11208,11000
590,20666,27208
591,18166,29167
592,12375,27750
593,10500,19625
594,10667,12833
595,10709,10542
596,10625,10084
597,10458,10625
598,10458,11333
599,12000,11000
600,11375,10667
601,10583,11833
602,10500,10209
603,11333,13334
604,12334,30208
605,12167,28709
606,11500,26000
607,10667,15083
608,10583,12125
609,10666,10166
610,10958,10416
611,10708,10125
612,10542,11250
613,10584,10375
614,10542,10500
615,10583,12125
616,10583,10334
617,12375,19750
618,11208,27042
619,11083,26458
620,10417,27125
621,10375,10333
622,10208,11584
623,10250,9792
624,10625,10833
625,10292,10125
626,10292,10541
627,10333,10250
628,10166,10333
629,10166,11625
630,10458,9875
631,11250,22833
632,11375,28167
633,11959,26792
634,10166,21125
635,10292,10083
636,10250,11750
637,10166,10291
638,10083,10084
639,10166,10250
640,10208,10917
641,14000,10083
642,10958,12375
643,11125,15667
644,10959,12083
645,10917,11208
646,11333,12792
647,11042,12708
648,11000,10500
649,10917,11625
650,12250,25917
651,13541,30708
652,14666,84167
653,12000,27583
654,12459,29833
655,13000,27166
656,11625,27541
657,14375,32250
658,13250,28291
659,11833,27333
660,11625,27542
661,13459,26666
662,12125,26708
663,11791,27000
664,13792,28416
665,11750,36584
666,11625,27042
667,12833,26709
668,11500,27333
669,13209,29708
670,12917,28500
671,12750,31334
672,12416,25958
673,12416,28208
674,12875,25875
675,11750,27542
676,13125,26292
677,12500,28459
678,14792,27292
679,13000,38083
680,12833,25834
681,11834,27125
682,13292,30791
683,13375,26708
684,12041,29125
685,14791,33000
686,13459,30625
687,12000,30625
688,12000,31833
689,13416,31917
690,11875,29042
691,11458,25917
692,14625,30750
693,12709,43750
694,11916,28708
695,13083,28334
696,12250,31625
697,11833,30209
698,13250,28958
699,12250,36791
700,11875,31750
701,13250,32708
702,13542,27000
703,12541,30250
704,13041,28000
705,12792,26750
706,12083,31458
707,13500,32125
708,13500,43292
709,12291,29750
710,11959,30333
711,13000,29458
712,12417,30542
713,12292,35083
714,13750,31875
715,12167,29667
716,11917,30292
717,13375,29083
718,13000,27875
719,12042,32250
720,13166,31833
721,13292,26917
722,11875,31542
723,13333,31584
724,13666,44250
725,12125,29333
726,13209,29250
727,13250,34875
728,11917,30458
729,13208,29584
730,14042,28750
731,11875,31708
732,11834,30292
733,13208,30416
734,12125,33209
735,12000,29458
736,13292,29917
737,12125,30417
738,12167,45750
739,13292,30917
740,13417,29500
741,12125,34542
742,13125,29917
743,13292,29625
744,12125,31792
745,13334,31708
746,13208,30291
747,11791,29833
748,13166,31750
749,13500,27709
750,11791,31083
751,13625,30333
752,13417,32875
753,12208,32458
754,12250,31166
755,14292,35833
756,12125,33292
757,11875,31625
758,13500,33750
759,11917,33459
760,11791,31208
761,13584,31083
762,11875,34833
763,12208,58334
764,13542,30625
765,12500,31500
766,11875,31375
767,13458,30125
768,13417,29792
769,12041,34666
770,13292,30750
771,13417,29459
772,11625,30167
773,12917,31125
774,13125,28542
775,12083,29750
776,13583,33334
777,13250,29000
778,11959,31750
779,11833,32292
780,13667,33042
781,12084,29000
782,12167,31333
783,13584,39333
784,12334,31958
785,12250,31125
786,13667,32292
787,12959,29792
788,11833,55583
789,13167,30833
790,12959,40250
791,12000,29125
792,13250,28958
793,13042,29500
794,11875,30791
795,11667,31000
796,13250,29292
797,11916,38166
798,12208,32834
799,13375,32250
800,11791,32916
801,11750,32625
802,13167,31625
803,11834,32208
804,12416,50542
805,13209,29167
806,12292,30500
807,12125,31833
808,12708,30500
809,13708,29875
810,11875,31792
811,13666,38916
812,12917,30667
813,11709,30666
814,13375,27708
815,12958,28875
816,11625,29584
817,12542,39125
818,13125,34042
819,11875,30500
820,12042,29834
821,12834,31333
822,11959,29333
823,11666,27125
824,13167,28875
825,12208,33792
826,12375,32917
827,14542,32500
828,12291,32250
829,11792,34333
830,13542,31875
831,28042,32000
832,12291,42125
833,14042,35417
834,13375,33125
835,11791,30542
836,13750,33292
837,13625,31375
838,12541,30000
839,13875,37209
840,14667,34375
841,12417,34833
842,12375,34667
843,13875,33750
844,12416,34959
845,12625,36125
846,14458,39875
847,12333,48708
848,13375,33000
849,13708,33291
850,12333,31334
851,12250,31292
852,14250,34250
853,12791,42625
854,12333,34000
855,13334,32708
856,13667,32459
857,12250,34250
858,14250,33167
859,14292,33584
860,12417,36917
861,13833,33459
862,13875,48083
863,12708,36250
864,12500,36292
865,14000,32625
866,12458,32958
867,12917,44250
868,14208,36250
869,12791,35666
870,12250,35333
871,13916,33833
872,13500,30834
873,12375,32000
874,13667,35583
875,13834,32042
876,12542,35292
877,13792,36333
878,13917,33250
879,12750,34083
880,12375,36083
881,13708,40916
882,12333,33000
883,12333,31250
884,13666,32333
885,12250,33625
886,12625,32625
887,13916,33916
888,14750,4526834
889,15542,25041
890,12792,27291
891,11917,28292
892,11625,28041
893,12917,28917
894,13125,27000
895,11792,20291
896,12834,27375
897,12625,28333
898,11167,25417
899,13083,17334
900,12958,27500
901,12000,28667
902,11750,19917
903,12500,14083
904,12000,28292
905,12834,29125
906,13042,28250
907,12125,29958
908,12000,28167
909,12791,30625
910,12292,27958
911,11833,29209
912,13125,31250
913,10959,14958
914,10958,10875
915,10959,12875
916,11000,12000
917,10791,11000
918,10958,10417
919,10959,11416
920,12292,12209
921,13084,25541
922,12625,26375
923,11000,18333
924,10958,10334
925,10958,10959
926,11750,17333
927,12083,27000
928,13084,28500
929,12042,28417
930,11959,29083
931,13125,27250
932,11833,28500
933,12041,30084
934,12625,28791
935,12792,27042
936,11042,24458
937,10958,11917
938,11125,11083
939,10958,11791
940,12625,24333
941,12833,26625
942,11750,27125
943,11667,27250
944,12792,28291
945,11625,27583
946,11708,27208
947,12709,27417
948,12125,29333
949,11750,27208
950,10917,11083
951,11333,12875
952,11250,11042
953,12500,27416
954,11000,27833
955,11000,10625
956,11000,10958
957,10917,10666
958,10917,11875
959,10875,10917
960,10875,10750
961,11167,11791
962,11208,10750
963,10834,11000
964,10958,10916
965,10916,20208
966,10875,11042
967,10875,17417
968,12500,19666
969,11583,20875
970,11833,17625
971,10958,11583
972,11333,21292
973,10875,18709
974,10875,21333
975,13042,22500
976,11709,21583
977,10959,21583
978,13292,20708
979,12042,30500
980,11958,27959
981,12500,28417
982,12959,27125
983,11917,27625
984,12542,26625
985,13250,27292
986,11916,30042
987,10916,19750
988,11042,11459
989,11041,12875
990,11959,14125
991,12750,27000
992,13083,32125
993,12875,28208
994,12417,26792
995,11625,26000
996,11625,28959
997,12959,27875
998,11959,29500
999,13250,29458
1000,13291,32750
