numberOfIterations,mergeSort,quickSort
1,244542,242208
2,100083,225666
3,92459,173125
4,92084,172084
5,96167,184083
6,91583,147666
7,92042,161333
8,92208,131125
9,110083,183542
10,128584,142000
11,130500,163542
12,127042,254334
13,131208,203583
14,141042,208083
15,123709,204500
16,3704334,195959
17,106584,193833
18,88083,170166
19,85792,170125
20,87083,169584
21,85667,168750
22,85917,169375
23,85583,169000
24,85708,169709
25,85875,169833
26,87958,53834
27,86500,35083
28,86333,36417
29,88250,45791
30,89292,45083
31,88917,41459
32,86833,42916
33,85166,40000
34,85292,44875
35,86875,128791
36,85208,40333
37,115709,44709
38,85916,72666
39,116709,33541
40,122959,107542
41,152000,106125
42,120375,99292
43,126459,99542
44,120000,113917
45,120459,100542
46,122333,103125
47,120708,112625
48,119875,104917
49,123958,117333
50,119167,101708
51,121459,99750
52,120209,110917
53,120500,102042
54,129458,103625
55,122125,99708
56,120208,97875
57,120250,121208
58,119042,100917
59,123666,108875
60,122250,120666
61,123417,108250
62,139209,117459
63,159041,107208
64,126584,105459
65,124542,139208
66,123042,106583
67,123792,105875
68,125500,117500
69,119542,99500
70,91333,1501791
71,90083,54583
72,85250,31625
73,85500,31959
74,86000,30250
75,85208,30000
76,88166,33042
77,85084,32792
78,86375,46583
79,86333,34292
80,85167,34916
81,85792,36584
82,88084,40250
83,85625,35541
84,85125,36041
85,90583,46584
86,88000,40000
87,87625,45667
88,85792,36875
89,85333,36625
90,85167,33541
91,85084,38459
92,86083,38125
93,91375,39375
94,102833,72666
95,86291,33667
96,105041,33875
97,85167,81791
98,87041,45917
99,117958,77583
100,87750,59750
101,87083,44917
102,90042,105583
103,85291,35000
104,115667,37000
105,86292,90417
106,87250,38583
107,115458,80667
108,85833,34916
109,88625,35750
110,88000,98833
111,84833,40583
112,123416,44583
113,85500,59167
114,86792,34416
115,115459,99500
116,88416,49541
117,103375,55833
118,87708,105125
119,85958,39833
120,120584,65875
121,85125,53542
122,88084,40250
123,96541,117792
124,85208,55334
125,128917,38875
126,122584,100375
127,118125,143417
128,120000,101791
129,135708,103792
130,121000,100834
131,118375,102792
132,121708,122667
133,128958,100291
134,120375,96833
135,126792,118875
136,123667,102917
137,133959,106000
138,124166,108833
139,120417,106791
140,119750,120917
141,120333,99958
142,123042,97458
143,120167,114917
144,124583,104333
145,138750,106208
146,77375,120000
147,57167,107458
148,58834,116667
149,57500,107292
150,64625,101833
151,57000,110084
152,53709,112334
153,58375,112291
154,58750,99958
155,50792,103250
156,56084,117875
157,52500,99292
158,65125,99042
159,54542,109500
160,54042,101666
161,57708,106375
162,55625,106958
163,56541,101125
164,58458,118125
165,57333,107292
166,67917,117250
167,64916,115292
168,57125,107625
169,61083,114875
170,63833,123500
171,72750,1909417
172,72583,84792
173,67584,84334
174,67625,132875
175,67292,89334
176,71875,85834
177,68291,81584
178,68041,84125
179,66041,85792
180,73000,81083
181,66625,81250
182,65541,87875
183,69792,79959
184,65791,82916
185,66292,82542
186,72292,83791
187,69292,108042
188,68083,83750
189,64000,80875
190,65041,80750
191,61584,78667
192,66375,75375
193,69209,85250
194,80542,99417
195,77583,103541
196,96000,108667
197,37375,142375
198,34542,65667
199,30583,62833
200,33167,56750
201,20041,45375
202,20125,33958
203,23208,40000
204,21875,36833
205,21750,39083
206,28791,44792
207,21875,48625
208,24834,47250
209,25708,50167
210,26667,53958
211,29750,47500
212,29917,51833
213,26291,50250
214,24959,55416
215,22584,42750
216,25208,42292
217,24708,47334
218,26166,49000
219,24125,45500
220,29792,48250
221,23541,43250
222,24500,42750
223,22417,46667
224,22875,43125
225,25375,48833
226,28541,49167
227,33209,120625
228,35000,65000
229,54666,97000
230,25583,46709
231,42291,50792
232,23166,127083
233,27709,47792
234,75541,76041
235,26958,74334
236,27041,51750
237,53792,136917
238,29375,55000
239,62667,52959
240,22542,101750
241,26209,41708
242,76709,84834
243,26292,48583
244,24542,37833
245,29000,130167
246,22834,44666
247,72417,44125
248,21041,92708
249,22625,41000
250,77708,106625
251,24583,39958
252,28458,42583
253,25750,129000
254,24750,37250
255,68375,54083
256,26792,81458
257,24708,51125
258,47167,103042
259,29250,44500
260,50500,46084
261,26292,117666
262,26042,50000
263,61625,66541
264,20833,57000
265,26250,52834
266,35208,127209
267,25166,44417
268,61542,48417
269,27292,104125
270,24291,53917
271,1982375,95000
272,219875,326417
273,203917,216416
274,120875,198916
275,115500,649958
276,254667,206541
277,54833,117000
278,57541,101667
279,53750,112500
280,54958,99917
281,55875,100833
282,61292,116125
283,63375,105250
284,73417,116833
285,61792,112250
286,63541,110042
287,55709,120583
288,58250,116458
289,56666,110167
290,59125,124916
291,54708,103167
292,70042,109708
293,60542,114125
294,62542,109541
295,61584,125292
296,62250,119292
297,71250,119916
298,75458,111625
299,66084,119709
300,60000,113458
301,56084,123292
302,66792,114084
303,57542,119625
304,59042,118791
305,59750,109333
306,60750,121750
307,56666,107125
308,70458,127208
309,61541,115250
310,64208,117917
311,58667,131584
312,58042,115667
313,63542,120125
314,60792,124709
315,60083,109292
316,71375,119958
317,59791,110042
318,65292,116417
319,57625,129083
320,60542,115791
321,58250,107000
322,56959,111791
323,59042,106083
324,72708,118750
325,59458,113875
326,62959,110833
327,61125,128084
328,62541,115125
329,75208,117250
330,59958,114584
331,65458,118291
332,59250,133375
333,60125,113875
334,59041,108583
335,64209,138625
336,56125,116125
337,82375,122917
338,59375,121917
339,56750,118625
340,59041,124500
341,64458,105291
342,62125,120375
343,64834,139125
344,60959,112667
345,79209,117833
346,55000,113416
347,62375,108083
348,54666,125542
349,56792,100792
350,56250,113291
351,55917,119833
352,59959,105250
353,69875,115875
354,60625,115833
355,57959,110416
356,61084,121667
357,69583,116500
358,67333,114875
359,62292,118333
360,60500,106792
361,68167,124417
362,61500,114000
363,58667,107000
364,52875,118708
365,57625,97959
366,69083,107667
367,57875,107500
368,52667,104417
369,59375,115084
370,56875,105459
371,53333,113208
372,63750,114375
373,59916,105417
374,64958,104750
375,60667,118875
376,58916,113458
377,53958,115917
378,55916,112250
379,71792,108333
380,133250,105125
381,70375,246541
382,58375,153542
383,54916,111167
384,31917,106833
385,27542,43167
386,22917,41125
387,21625,35166
388,21916,33959
389,23666,40375
390,24208,37959
391,20542,41208
392,25917,40708
393,24750,43167
394,27208,44959
395,21500,43709
396,27459,44625
397,21792,43625
398,25417,45458
399,25292,44667
400,24375,44375
401,23917,46625
402,26209,43833
403,23541,46708
404,24209,39625
405,24917,42458
406,20708,41292
407,19875,39667
408,28083,49709
409,23583,44625
410,23459,45458
411,24791,45167
412,27875,47666
413,22833,47042
414,25167,45541
415,25208,43959
416,23041,43750
417,21750,39666
418,22292,39167
419,24709,39916
420,24375,41875
421,28625,42459
422,22417,44250
423,21167,37958
424,22250,34583
425,20000,37292
426,18250,35709
427,28666,41959
428,23000,47542
429,24375,48166
430,26083,46459
431,25542,50083
432,20416,44291
433,24875,38500
434,21833,40375
435,22000,38334
436,21792,38083
437,21167,38250
438,23000,43750
439,26000,39542
440,19625,40417
441,23542,46209
442,24667,1132583
443,21000,32708
444,19084,31041
445,22458,34917
446,19125,35375
447,62250,68584
448,20042,42834
449,19792,39917
450,23750,113000
451,22708,35875
452,64791,39416
453,23667,75500
454,20458,43875
455,54375,79625
456,20375,35416
457,33291,41584
458,22875,105000
459,20167,39958
460,62167,63166
461,72875,116167
462,20875,48250
463,50792,103958
464,22584,37458
465,43417,43250
466,18542,102458
467,26208,35292
468,56125,67459
469,18875,58125
470,25666,35458
471,55041,50417
472,20208,62792
473,22709,39750
474,31208,85750
475,21542,33500
476,51625,34917
477,24750,77834
478,26167,41042
479,66083,72334
480,24292,52792
481,19917,39667
482,31250,119625
483,27958,44292
484,70167,52625
485,22166,81250
486,25583,45667
487,58125,99333
488,23125,42917
489,38583,44916
490,24417,104583
491,21458,37791
492,68833,61125
493,19000,74625
494,19167,32958
495,40042,98250
496,20833,37125
497,48125,38500
498,23542,88500
499,18333,33334
500,74667,71208
501,24125,58166
502,27791,42833
503,27666,130791
504,21667,37250
505,55459,40417
506,21250,79833
507,21375,36000
508,60625,75208
509,18917,37458
510,29375,38833
511,23875,137417
512,22916,42250
513,64000,65708
514,24292,77250
515,22000,38083
516,55292,88875
517,21583,36500
518,37875,38542
519,20417,102292
520,24417,42708
521,66084,59875
522,18833,53625
523,22625,42375
524,32458,97584
525,22666,35041
526,49000,36375
527,20250,84041
528,18959,39833
529,77042,70167
530,19084,42042
531,20416,38334
532,31667,123083
533,28375,41917
534,65833,47167
535,22083,74167
536,20208,40667
537,52167,84917
538,20584,40583
539,39417,42792
540,19959,110625
541,23083,37542
542,61167,53500
543,22292,72875
544,19667,38875
545,42875,85125
546,18334,35583
547,39167,36208
548,20959,89666
549,24417,34125
550,21375,39625
551,23458,39083
552,19917,43208
553,22833,39459
554,22208,39291
555,21584,39958
556,20458,40584
557,24083,38334
558,21333,40500
559,21958,42292
560,22459,45375
561,23209,40042
562,21500,41625
563,22625,42416
564,22500,42958
565,23291,38750
566,26375,40500
567,22209,42041
568,20791,43917
569,30333,43792
570,24500,45666
571,21584,47833
572,26792,42208
573,24958,46625
574,25458,43291
575,22833,51083
576,26416,40125
577,22250,43875
578,24917,48417
579,23583,40084
580,25084,43417
581,20458,40875
582,24875,39500
583,21333,44166
584,23417,41125
585,24083,39416
586,26584,48750
587,28083,49959
588,29625,48375
589,24833,46041
590,25666,50291
591,26167,48416
592,26458,46708
593,23375,43667
594,27958,44750
595,24334,47125
596,28125,50417
597,25042,45458
598,24958,46042
599,24167,49250
600,26917,44959
601,27542,43708
602,26334,46292
603,24417,48375
604,26709,44083
605,23667,43500
606,24459,44500
607,25250,59792
608,27458,42875
609,23916,47667
610,23375,44875
611,22375,41959
612,1145583,41166
613,22416,34417
614,22166,38084
615,18833,42958
616,24167,34500
617,20375,34708
618,19208,32917
619,21125,33542
620,18083,33209
621,21291,37916
622,21625,40750
623,25000,38042
624,21000,36500
625,24167,41084
626,20667,38792
627,21875,40125
628,24583,43625
629,25667,47375
630,25125,50625
631,28375,45958
632,27125,48625
633,21666,47375
634,19542,36167
635,24000,43625
636,20375,39750
637,19708,43750
638,24083,38625
639,20125,33333
640,18708,34958
641,23584,45667
642,26209,53000
643,23666,45291
644,26000,41417
645,29292,43042
646,20833,43292
647,25792,39292
648,24834,42375
649,24583,47125
650,21958,42000
651,22792,44250
652,20666,38459
653,26667,45542
654,19834,41208
655,22334,38833
656,21125,37084
657,20959,37583
658,20416,40334
659,23416,38084
660,21417,39542
661,21083,40125
662,19625,37042
663,24167,38416
664,20375,38500
665,23250,39458
666,21209,39583
667,20791,38625
668,19625,37750
669,22333,40458
670,24833,42250
671,21375,42833
672,24500,43500
673,21625,45792
674,22083,39000
675,23667,39375
676,24833,46083
677,21042,46500
678,26458,41500
679,20125,40875
680,22208,44000
681,22333,37666
682,25292,40750
683,18000,35458
684,22750,36042
685,20833,40375
686,22625,38875
687,23791,38667
688,24250,39750
689,21625,41584
690,25042,40833
691,22917,41792
692,21709,40875
693,21333,42667
694,23667,39042
695,19042,35083
696,20333,40041
697,24416,38250
698,28042,46375
699,22458,47834
700,25625,45250
701,21500,44209
702,25958,45125
703,23125,38625
704,21417,38416
705,20125,40250
706,23542,37291
707,23000,45125
708,21666,43291
709,23500,42083
710,25042,46375
711,19125,40417
712,23875,46042
713,23041,43291
714,22000,41792
715,20459,41208
716,22000,41583
717,18083,42500
718,22875,32416
719,23875,38333
720,19666,40500
721,22000,39416
722,23667,42875
723,20541,34666
724,18791,41250
725,25208,37209
726,20250,40209
727,21125,39958
728,23750,39709
729,22667,38708
730,21125,38625
731,22458,42042
732,24459,43500
733,23416,41334
734,21584,39500
735,23417,38333
736,23125,47750
737,30041,45125
738,24250,45833
739,26875,47083
740,25709,46750
741,26333,45084
742,22125,45917
743,25291,43584
744,19750,39208
745,21917,37459
746,23833,41625
747,22583,38375
748,21167,48792
749,25625,39250
750,24541,44083
751,22958,43083
752,21458,36875
753,29458,44250
754,24208,46459
755,25625,43916
756,25417,43750
757,23000,40583
758,21417,39792
759,23416,36125
760,19375,38750
761,28250,40125
762,27750,45375
763,24750,45292
764,25208,47792
765,34417,48666
766,21667,46791
767,26125,45333
768,26834,45333
769,24208,46334
770,23333,39667
771,24500,44417
772,27333,39458
773,24875,45250
774,27416,47292
775,27500,45000
776,24083,40416
777,21625,40708
778,22333,40208
779,20417,39292
780,23375,39041
781,22083,38750
782,21625,38500
783,23958,1126959
784,23458,32417
785,18500,35042
786,21791,33875
787,22209,31625
788,19250,34125
789,18500,33916
790,23917,38500
791,17833,38292
792,19875,33375
793,21333,36167
794,24458,36542
795,19333,40333
796,23541,39792
797,18167,33708
798,19875,35000
799,26709,39250
800,26500,43500
801,19292,43750
802,21541,35458
803,18792,37125
804,21334,39958
805,20625,37375
806,20209,42958
807,22375,45584
808,24417,42500
809,20375,40167
810,23792,40917
811,22958,42000
812,26458,43667
813,20542,41917
814,22333,41333
815,24000,41000
816,23875,40459
817,22083,40792
818,23292,43125
819,23750,39083
820,19542,47458
821,23209,41708
822,23666,41375
823,24417,55750
824,22625,44959
825,21417,43834
826,19125,41000
827,24041,38041
828,21667,38459
829,21167,39375
830,22417,37958
831,23208,39458
832,21541,40000
833,24125,40583
834,22916,43083
835,25709,40958
836,22208,42875
837,25583,39500
838,21459,41500
839,24291,39875
840,21084,44000
841,19958,37250
842,22666,44584
843,29125,48292
844,28375,46333
845,24042,53792
846,24875,44916
847,25959,45708
848,20500,39542
849,25209,46375
850,20542,43542
851,24708,44334
852,26042,45042
853,19459,42250
854,20375,36417
855,25334,41000
856,20041,45959
857,22292,43208
858,23500,43583
859,22916,41666
860,20875,38458
861,25000,40250
862,24125,41250
863,23500,39334
864,23041,41667
865,22958,39625
866,20083,41042
867,22958,39083
868,22542,38292
869,21333,40042
870,27375,44666
871,26167,47417
872,24584,48000
873,29709,46625
874,26958,47875
875,22000,47500
876,21708,41000
877,25708,47375
878,19167,38000
879,21958,37834
880,23541,40959
881,22042,40750
882,22541,38208
883,26750,37792
884,21792,40250
885,21833,39959
886,28958,49167
887,23584,47875
888,24667,47708
889,28084,50375
890,26459,48000
891,24500,45916
892,29334,56917
893,23083,42833
894,25834,42708
895,24208,45208
896,22000,43041
897,21458,47834
898,22500,38375
899,21125,36250
900,20542,34792
901,19792,37958
902,22250,33458
903,18584,34458
904,22833,42583
905,24750,41542
906,19583,37583
907,18166,36417
908,23042,35334
909,19375,40000
910,20667,34916
911,21709,36292
912,20500,40959
913,18292,36667
914,23459,35625
915,19208,37000
916,19334,37500
917,20250,36583
918,19125,35292
919,20541,36416
920,21250,37250
921,22334,36708
922,20667,36125
923,21125,38542
924,20833,36750
925,20708,35292
926,20083,35792
927,21167,36042
928,18375,35583
929,20708,35500
930,21333,35166
931,21000,36708
932,19375,39625
933,25500,37250
934,18750,35125
935,20042,35792
936,20750,36166
937,20208,35042
938,18250,35250
939,21083,36375
940,18334,40417
941,20209,33292
942,20375,33875
943,21875,41208
944,20291,46875
945,22500,36833
946,18458,35500
947,19458,35791
948,20250,35667
949,20458,35958
950,18250,35875
951,21333,36708
952,18375,36917
953,1517917,36167
954,50333,98084
955,55625,95500
956,58500,114834
957,56708,106750
958,53334,108375
959,56291,108375
960,49250,101875
961,57416,105500
962,50875,96791
963,60833,92250
964,51833,96208
965,58375,105416
966,55709,113250
967,52833,107250
968,59125,102083
969,55084,112166
970,54875,105250
971,68458,102625
972,58083,104041
973,54666,101833
974,58333,115125
975,52750,100083
976,53500,99167
977,52708,105917
978,54583,100000
979,60958,98167
980,59417,102500
981,50208,97834
982,52375,114708
983,56125,102541
984,65875,98625
985,53000,97209
986,54083,106208
987,53625,106625
988,62875,100833
989,49292,94917
990,53125,110375
991,51542,100625
992,69750,99417
993,50958,101709
994,54291,102625
995,54125,110959
996,58417,97125
997,59750,116375
998,67167,140125
999,67791,128542
1000,76833,124125
