numberOfIterations,mergeSort,quickSort
1,1044625,232176584
2,795250,126673583
3,745375,89331334
4,356792,121409209
5,352500,75955042
6,325375,76004875
7,509125,75969583
8,354000,80538375
9,382042,79307584
10,343375,77293500
11,359750,75453750
12,373542,74959833
13,373166,77040125
14,371000,76377041
15,379875,78259000
16,356959,77042792
17,355875,82355417
18,412458,84828250
19,325167,81838459
20,339000,75224500
21,341917,76239917
22,354000,74752208
23,366291,75591709
24,359458,75704417
25,334542,75690208
26,347208,76002500
27,356708,75641666
28,369958,76115500
29,355542,75805625
30,354083,77163833
31,372625,76544291
32,342625,75804208
33,363583,74955917
34,353708,75535708
35,405291,82918917
36,376417,85578041
37,343417,74791334
38,340167,76168500
39,342875,76148833
40,345125,75730375
41,353375,76291709
42,353292,75610917
43,352875,74971167
44,345833,76079791
45,334709,75780625
46,324167,75733625
47,337292,74814000
48,342541,74734750
49,346125,74889084
50,332708,74848958
51,360917,74724666
52,359375,75049708
53,345208,73831375
54,354042,74936875
55,356416,75065583
56,362708,74819041
57,374833,74690208
58,335959,74704917
59,343208,74785625
60,371250,75067125
61,350916,74663750
62,365167,75123708
63,358542,74524416
64,345833,74709834
65,363625,74740000
66,339500,74800459
67,374167,74412042
68,342416,74749250
69,360791,75207625
70,349750,74313458
71,358625,75787417
72,353583,75338583
73,360917,74537750
74,350584,75013166
75,370375,74966250
76,337917,74947875
77,386291,74699166
78,362125,74891625
79,362792,77885792
80,345583,74796875
81,342792,75867084
82,362500,75226125
83,339166,74649709
84,348584,74240792
85,382625,76316250
86,343959,74779833
87,346583,74749125
88,384042,75339083
89,357708,75066792
90,354833,74368000
91,341166,74704458
92,356083,74927959
93,348167,76292041
94,344500,74098250
95,361125,75040542
96,345417,74714625
97,349084,75320708
98,354166,74669334
99,349167,74691292
100,345792,75097584
