numberOfIterations,mergeSort,quickSort
1,66618458,63353125
2,44533708,29458333
3,43538625,21405625
4,31280500,24064875
5,31308708,20548083
6,32606792,28582458
7,30740500,19844042
8,30653666,19884292
9,31316666,20078875
10,33617167,21656834
11,32483750,20248208
12,30816291,20215250
13,30830500,20072709
14,31271250,19853917
15,31932333,20960500
16,32388625,20850708
17,31418875,20221667
18,31497000,19200375
19,30757625,19243666
20,30654583,19828916
21,31195667,19967333
22,30786958,19759250
23,30761084,20001250
24,30857708,20004167
25,32028084,19104625
26,32061667,20069208
27,32048000,21120875
28,30906583,20831292
29,30637125,19648750
30,30495542,19862708
31,31541250,18973458
32,33729083,19038417
33,30518209,19089833
34,30581500,19772583
35,30528292,19577375
36,30415667,19779250
37,30530792,19619791
38,31424750,19062792
39,31111625,18894917
40,30513500,19117792
41,30473625,19811958
42,30492000,19787625
43,30658292,19480750
44,30654542,19633541
45,31135625,18763583
46,31201875,18996584
47,30489958,18888291
48,30553458,19677041
49,30504250,19646334
50,30699292,19592333
51,30231208,19667250
52,31462083,19037167
53,31121042,18754667
54,34517083,19647958
55,30774542,21429709
56,30694208,19562542
57,30639375,19700250
58,30576292,19671042
59,31324917,18861958
60,31046333,18783459
61,30600875,19031792
62,30572375,19505583
63,30552625,19743167
64,30616708,19668042
65,30557292,19628958
66,31265167,19019541
67,31239084,18847958
68,30375583,18832833
69,31380625,19596834
70,30614167,19697333
71,30561166,19613917
72,30540708,19654125
73,31277584,19005833
74,31244417,18793792
75,30689542,18985125
76,30643542,19445542
77,30531792,19490750
78,30575625,19612042
79,30593625,19650375
80,31140000,18747792
81,31239333,19163667
82,30418375,18886000
83,30437458,19609834
84,30470125,19502709
85,30532167,20260791
86,30658250,19869500
87,31273667,18773250
88,30849041,18855125
89,30506000,21406458
90,30427750,19725625
91,30733333,19659750
92,30589250,19681750
93,30690000,19744250
94,31281250,18826875
95,30416541,19058125
96,30514584,19292500
97,31114959,19690875
98,30498542,19558375
99,30690000,19636666
100,30699625,19712500
