numberOfIterations,mergeSort,quickSort
1,78375,672791
2,78292,619375
3,83541,233208
4,245833,214458
5,76875,137917
6,43958,82500
7,39083,151292
8,36459,132584
9,35584,213209
10,41292,249167
11,35208,227166
12,35792,3623208
13,26542,77125
14,32083,84792
15,26875,66709
16,25708,67458
17,33750,80083
18,26583,95250
19,29792,83208
20,26584,82250
21,26416,80334
22,31958,86542
23,27583,81417
24,26458,90125
25,27959,89083
26,26750,169625
27,27584,85292
28,36291,107542
29,32708,259041
30,32541,206667
31,33584,218500
32,43125,208583
33,33625,231625
34,33042,212083
35,40333,231750
36,33042,213792
37,36875,241750
38,31833,221083
39,32875,214292
40,32125,222667
41,34250,219125
42,32459,214042
43,33708,212208
44,40959,232792
45,30041,226500
46,29375,229625
47,29458,232166
48,28500,1608708
49,24125,62750
50,23958,62375
51,24000,64625
52,24042,70667
53,24459,76875
54,23958,76500
55,25042,80125
56,24042,77750
57,24666,82709
58,25334,87083
59,24166,86708
60,24125,87917
61,24208,101791
62,25292,100416
63,26167,81750
64,27666,172542
65,32625,134125
66,33167,141458
67,24000,131750
68,40208,144209
69,24041,106083
70,30666,175167
71,24000,77042
72,24167,157542
73,25000,79583
74,23875,159208
75,24000,74916
76,24125,164458
77,23958,75750
78,24125,162208
79,30625,90417
80,23917,139500
81,29542,100750
82,24042,123833
83,30916,181167
84,25000,112959
85,24000,83000
86,29500,236041
87,29459,210833
88,30625,225542
89,31833,207125
90,34250,211750
91,31000,202333
92,31125,210083
93,29084,212584
94,34708,215666
95,30250,213584
96,30583,250125
97,30167,202333
98,31083,215250
99,44084,199000
100,31542,210458
101,29916,218625
102,31667,200125
103,29916,219500
104,31333,214417
105,31125,222500
106,30667,209542
107,31500,215750
108,30625,214375
109,31250,224916
110,29708,209083
111,29750,216583
112,30875,211750
113,31417,224584
114,42583,198625
115,33084,212584
116,32041,223667
117,31292,215375
118,30459,220334
119,31375,231542
120,33375,1491834
121,24041,65792
122,24041,68542
123,24709,72792
124,24083,75208
125,27041,86333
126,24083,84375
127,24042,85667
128,24125,85375
129,24208,87792
130,24916,84250
131,23958,103625
132,24125,84333
133,24333,91667
134,26416,102375
135,25209,120958
136,23917,106666
137,24042,96375
138,15042,89667
139,4042,85458
140,3584,83417
141,3459,79625
142,3709,85500
143,4125,91250
144,3875,84292
145,5792,83792
146,3833,85916
147,3500,92375
148,4000,80750
149,3500,90625
150,3709,87833
151,6250,88125
152,3750,103292
153,3833,84750
154,3667,91084
155,6041,77500
156,3833,86333
157,3459,176875
158,3750,153583
159,6334,158709
160,3917,80458
161,3625,167500
162,4291,75084
163,4041,170334
164,3375,82042
165,3750,172042
166,5708,80500
167,3791,163292
168,8833,94250
169,3541,149542
170,9750,111167
171,4375,123292
172,14333,134833
173,3375,93792
174,5750,165625
175,3875,78083
176,3875,162875
177,6834,88083
178,3417,164416
179,3542,85958
180,3416,168125
181,3458,83458
182,3459,168042
183,9500,95292
184,3625,130542
185,10333,121250
186,3833,125750
187,10125,147917
188,4875,97042
189,5458,185000
190,3583,79667
191,4292,163958
192,10292,1703375
193,10292,210417
194,12292,229333
195,9792,214667
196,10083,235625
197,9916,219458
198,10166,246875
199,14542,220417
200,10083,220791
201,10000,216291
202,9958,214208
203,10375,208000
204,11458,215708
205,9208,213792
206,8458,224833
207,8333,208375
208,8458,198041
209,9667,219458
210,10542,201666
211,10125,219750
212,9750,211125
213,8625,213250
214,8625,197084
215,9625,229958
216,8666,198750
217,9958,215916
218,9292,198666
219,9750,213917
220,10125,199166
221,9708,211625
222,7916,198709
223,8667,191875
224,9291,220250
225,8375,206875
226,10125,224416
227,9417,191833
228,9875,207083
229,8500,200167
230,8417,221541
231,8750,202917
232,9667,220084
233,9083,200875
234,9292,219542
235,9791,198708
236,10000,229750
237,9625,220583
238,8500,206458
239,8458,208042
240,8500,200833
241,9875,211833
242,10708,213750
243,16333,218750
244,11000,228125
245,9084,217708
246,8833,200375
247,8209,199000
248,8625,187542
249,8875,196291
250,9042,183500
251,9333,199875
252,9125,197125
253,8167,187667
254,8625,206417
255,9167,206000
256,11041,234125
257,10291,215959
258,9375,205375
259,9875,185958
260,9125,193792
261,8209,196416
262,8542,201041
263,8250,190833
264,10416,202125
265,8541,188667
266,10583,201291
267,9250,199750
268,9417,197250
269,8375,199417
270,9917,192625
271,8125,201833
272,8458,191625
273,9125,197708
274,9125,188666
275,9666,196250
276,9417,187125
277,8416,200125
278,8875,197333
279,8375,198667
280,9042,195083
281,9958,194708
282,9542,196417
283,9083,190791
284,8458,207584
285,8334,192500
286,9917,212417
287,10917,199583
288,8166,213583
289,9750,215000
290,9709,241292
291,8917,200000
292,3500,180167
293,3792,91125
294,4291,92041
295,3916,94042
296,5916,103084
297,5625,98250
298,4416,89000
299,3625,89958
300,3291,90333
301,3416,90916
302,4250,84750
303,3875,88875
304,4334,86208
305,4291,94041
306,4125,90958
307,3708,90917
308,6208,89875
309,4375,92500
310,3750,90417
311,3959,89292
312,4916,97666
313,3709,89042
314,4125,87541
315,3625,88167
316,4292,92542
317,4667,91292
318,3833,92000
319,5417,90792
320,3875,82958
321,4833,86417
322,3375,89583
323,4000,96958
324,3375,84541
325,3334,80792
326,11625,1309625
327,3792,106125
328,8750,113083
329,3375,82958
330,11042,131958
331,3250,70791
332,3875,152875
333,3750,86417
334,3625,166458
335,3666,77542
336,3667,151792
337,3500,79083
338,3875,166541
339,10250,85000
340,3375,133125
341,9375,105792
342,3625,119417
343,10625,126250
344,3500,101250
345,11458,162292
346,3625,82792
347,3334,158250
348,3583,80333
349,3833,153375
350,3917,79542
351,3959,158167
352,4667,90667
353,3750,155500
354,10083,84875
355,3417,130750
356,10959,109166
357,3625,122417
358,9584,129333
359,4041,101250
360,9625,187417
361,3291,71792
362,4667,154917
363,3750,77750
364,3333,146333
365,4250,75375
366,3417,150000
367,4000,84583
368,3791,153291
369,11958,86916
370,3959,146292
371,9125,106833
372,3375,112458
373,10541,129000
374,3166,87459
375,9292,131458
376,3333,77542
377,4166,165792
378,3667,96167
379,4208,171958
380,4458,85333
381,4084,164125
382,3709,84500
383,4375,165417
384,19208,109083
385,5000,168750
386,13875,147917
387,4000,124292
388,10083,130417
389,3542,102417
390,9584,148625
391,3292,73833
392,3250,152541
393,3666,76625
394,3625,158250
395,6333,79459
396,4250,157917
397,4500,93209
398,4083,178583
399,10625,98833
400,4959,162125
401,13167,128750
402,4666,142959
403,9916,155541
404,3292,97375
405,9167,146292
406,5709,84583
407,4000,153834
408,4000,92083
409,3375,154958
410,3667,90000
411,3416,169750
412,3833,82625
413,3708,171125
414,9958,91083
415,3958,142209
416,9500,110708
417,6750,148417
418,11375,147625
419,3834,104250
420,9417,153125
421,3459,82375
422,3500,166917
423,3458,81042
424,3667,156375
425,4209,83291
426,4000,90625
427,4000,94417
428,5708,88917
429,3750,87417
430,3416,77084
431,3542,91750
432,3625,77542
433,3875,82958
434,3875,80125
435,3292,83458
436,3917,82333
437,3292,80458
438,3667,79834
439,5667,81292
440,3458,79250
441,3333,79792
442,8750,90542
443,3292,90584
444,3750,78500
445,3333,80584
446,3333,79417
447,4083,79916
448,4000,83417
449,4125,84917
450,5625,81333
451,3750,81000
452,3625,80375
453,3500,79125
454,3667,80875
455,3291,81500
456,3667,82292
457,3500,88875
458,3333,81125
459,3625,78500
460,7083,1128208
461,5750,78542
462,3292,73167
463,3875,84667
464,3875,83250
465,3917,82667
466,3750,80166
467,3459,82000
468,3708,82709
469,3708,81917
470,3875,88417
471,4625,85084
472,3917,83500
473,3708,87667
474,3625,85666
475,4000,90834
476,4042,88083
477,3833,85709
478,3292,88542
479,3625,83500
480,4041,87625
481,4916,88208
482,6458,88000
483,3625,86958
484,4917,102042
485,3417,96917
486,3459,81125
487,4125,85667
488,3583,85625
489,4500,83083
490,4209,86958
491,3458,87500
492,4208,96000
493,5333,95208
494,3959,86292
495,5167,89375
496,4709,101791
497,4833,116917
498,3459,101500
499,3625,84708
500,3791,84916
501,3542,85500
502,3916,84166
503,3792,80417
504,6417,88958
505,3708,95250
506,3958,90750
507,3625,86625
508,3792,83750
509,3625,84958
510,3500,83875
511,4666,87458
512,5916,109625
513,4833,100750
514,4250,93208
515,5958,88209
516,4667,115708
517,5083,92458
518,3625,95917
519,4000,88125
520,3875,84166
521,4166,75125
522,3416,71875
523,3709,105875
524,3459,79292
525,3541,92709
526,5917,91792
527,3875,101000
528,4000,99208
529,4334,101834
530,17208,89500
531,3500,88167
532,3375,96625
533,3916,98542
534,3500,101917
535,4041,104333
536,4709,104834
537,5833,83084
538,3583,103500
539,3750,97000
540,4500,99000
541,4166,88416
542,3542,92458
543,5458,97375
544,4708,84541
545,3750,93375
546,3416,79541
547,3791,89916
548,7000,83375
549,3583,82167
550,3667,80417
551,3375,82542
552,3958,78458
553,3458,82500
554,3500,76750
555,3875,80291
556,3417,84834
557,3416,82334
558,3458,78084
559,3916,83709
560,4459,159375
561,3625,77500
562,4042,84333
563,3417,79500
564,3416,83917
565,3667,77709
566,3541,86292
567,3667,76583
568,3709,76666
569,6125,82458
570,3833,88792
571,4083,80917
572,3541,79458
573,3625,81166
574,3542,81542
575,3333,79917
576,3916,84792
577,3709,83166
578,4458,82166
579,3625,79291
580,4917,81750
581,3417,74750
582,3417,76375
583,3709,76625
584,3833,83833
585,3583,91792
586,3417,87625
587,3875,84416
588,3666,81208
589,3750,82458
590,3500,86459
591,5291,74459
592,4208,88625
593,8750,1574208
594,3958,65875
595,3500,66958
596,3417,70875
597,3542,62708
598,5000,92708
599,3416,82625
600,3666,76583
601,4250,91375
602,5667,95750
603,5125,108750
604,4292,99041
605,4208,101417
606,4834,109000
607,4500,111750
608,5000,105958
609,3917,106958
610,3417,79042
611,4667,81917
612,3750,90583
613,7584,111500
614,4500,101625
615,3708,117000
616,4542,104833
617,4875,127042
618,5167,116708
619,4500,103916
620,4250,97208
621,5000,89500
622,4000,91250
623,4458,88917
624,7083,93084
625,4375,89333
626,5042,90208
627,4208,90500
628,3750,93333
629,3750,94250
630,4291,99250
631,4042,99083
632,4875,98333
633,5083,115875
634,4375,105333
635,6875,96792
636,3834,89792
637,4250,91208
638,4334,92375
639,4708,98375
640,4958,108500
641,5334,97625
642,3708,101208
643,4459,95416
644,6375,93875
645,6500,88750
646,7417,100667
647,4208,98084
648,3833,82375
649,3417,70959
650,4500,88334
651,3833,94250
652,4875,94417
653,4542,98042
654,4333,102458
655,4458,97792
656,4250,94750
657,6041,98208
658,4083,101875
659,3375,88750
660,3750,93167
661,7125,157084
662,3792,88000
663,4375,97208
664,3625,94041
665,4125,93125
666,3625,94166
667,4958,89917
668,4958,98541
669,4208,93250
670,3791,87625
671,3625,86667
672,4667,93958
673,4250,92000
674,4375,88625
675,3500,95250
676,4000,97042
677,4084,96750
678,6458,93959
679,4250,96250
680,4750,104084
681,4375,105000
682,4000,102417
683,4750,112167
684,5458,117292
685,4042,107208
686,4458,93541
687,3750,98375
688,4833,98583
689,5625,110250
690,4042,91166
691,3500,95416
692,4875,90041
693,6000,115666
694,4458,107417
695,5084,100791
696,3375,87833
697,3916,79166
698,4458,92625
699,3584,96292
700,6084,85250
701,5208,90166
702,3417,88583
703,4292,84334
704,4667,94209
705,4334,97208
706,4917,104916
707,4041,102416
708,4167,98667
709,3959,92625
710,4083,89542
711,5458,87375
712,4208,101042
713,4208,99000
714,4291,93459
715,4042,97791
716,4166,105709
717,4042,97667
718,4167,100875
719,5250,106042
720,4667,112208
721,4541,111375
722,6291,93500
723,3333,78750
724,3833,72375
725,3417,67958
726,3708,70125
727,12000,2541375
728,9500,265667
729,8917,211333
730,9583,208958
731,9917,198333
732,11000,211167
733,11375,209542
734,9083,219458
735,9458,221166
736,9000,223958
737,8916,211125
738,10083,212292
739,10583,220292
740,10416,232833
741,20333,214416
742,9375,208875
743,10000,222125
744,13125,201041
745,8708,213792
746,10667,211792
747,15333,324833
748,10542,214250
749,11458,210833
750,8875,213792
751,9625,215334
752,8833,223709
753,8875,201958
754,11125,239917
755,13042,224166
756,10833,242667
757,10625,221667
758,9375,232208
759,10333,220667
760,9958,229791
761,9334,221917
762,10458,241292
763,13208,225208
764,10292,241583
765,12083,213459
766,8583,209208
767,8625,206708
768,9667,188208
769,9250,235750
770,10375,221625
771,9750,218083
772,10583,199750
773,10916,233250
774,9542,225417
775,9084,229375
776,9875,204250
777,8041,241375
778,9625,196083
779,11084,217917
780,10916,208125
781,10417,231625
782,8916,224250
783,8875,218500
784,8833,209417
785,8292,194167
786,9541,199333
787,11042,190000
788,12417,201167
789,8959,186958
790,8625,203208
791,9375,193542
792,8292,203291
793,8125,194833
794,9292,208792
795,9166,194208
796,9292,218917
797,10208,213333
798,12583,208291
799,8209,212875
800,8584,195291
801,8833,204292
802,11584,208208
803,9416,216917
804,9292,202875
805,8334,196250
806,8083,188625
807,8334,201417
808,8209,197042
809,14042,197917
810,8834,192500
811,10292,200500
812,9250,206666
813,11250,203208
814,9250,224125
815,9333,208791
816,10667,226958
817,9417,222666
818,9750,226333
819,9667,200667
820,14166,208833
821,9584,202250
822,8292,198541
823,8959,201125
824,9125,205500
825,8334,197625
826,9125,196000
827,9375,208750
828,9750,187417
829,7792,202041
830,9166,201041
831,11292,226209
832,11250,201166
833,8167,226292
834,8833,195375
835,10375,202375
836,9750,188666
837,8708,199708
838,8542,203167
839,8750,213000
840,8459,201042
841,8333,203625
842,10625,216792
843,10542,198500
844,9375,228625
845,9792,208167
846,11084,244167
847,15667,235375
848,8916,254625
849,9083,222375
850,10542,222916
851,9583,203833
852,8958,214000
853,14708,208750
854,10959,215792
855,8750,205709
856,8458,208917
857,9958,209125
858,9042,194292
859,10833,221500
860,8958,200917
861,8917,215083
862,8334,201041
863,8459,213041
864,8042,198541
865,9292,221459
866,9958,210834
867,10625,246292
868,11042,213333
869,10458,230625
870,10167,220875
871,9541,235083
872,8584,210583
873,8542,208083
874,12500,220417
875,9417,208291
876,10209,202083
877,9708,192083
878,10875,205625
879,8250,197333
880,9459,207958
881,7833,192417
882,8500,205416
883,10541,200916
884,10166,233125
885,10084,202916
886,8375,216208
887,8625,199125
888,9083,195208
889,9500,202292
890,8500,191708
891,10583,206542
892,10208,211375
893,10459,217166
894,9125,216208
895,9542,221292
896,11166,209709
897,14542,295584
898,8208,195000
899,9500,195042
900,9208,184708
901,9417,195459
902,8000,182125
903,8834,204000
904,8000,186667
905,9041,200958
906,3292,131292
907,4875,66917
908,3208,69375
909,3792,72000
910,3542,72416
911,3250,78167
912,3667,72042
913,3833,72750
914,3583,72917
915,3417,73709
916,3459,75208
917,3458,80167
918,5958,73541
919,3250,81292
920,3416,80209
921,3542,76208
922,3292,78417
923,3291,73583
924,3292,72333
925,3750,74167
926,3542,75084
927,3333,81417
928,3916,78792
929,4917,77125
930,3709,77042
931,3667,75208
932,3375,78584
933,3250,78625
934,3500,76917
935,3625,78875
936,3375,80250
937,3916,78208
938,3375,74708
939,3375,76667
940,6000,75875
941,3541,78750
942,3833,76583
943,3625,80583
944,3334,76083
945,3708,78125
946,3583,73584
947,3958,75209
948,3875,80916
949,3458,74583
950,3375,73291
951,4792,89834
952,3292,71875
953,3625,70375
954,3292,74833
955,3334,70958
956,3584,75625
957,3541,77667
958,3250,70834
959,3459,81583
960,3667,71917
961,3459,76166
962,4750,77250
963,3709,75458
964,3417,82625
965,3458,77667
966,3250,76417
967,3542,82958
968,5334,1332625
969,9292,84959
970,3250,110833
971,9000,109334
972,4333,91459
973,8916,143000
974,3375,74125
975,3333,146584
976,3291,72500
977,3625,160541
978,3542,74625
979,3416,153291
980,4958,96542
981,3709,175541
982,9250,95416
983,6042,160500
984,12042,100125
985,3542,131792
986,3375,70875
987,3375,71166
988,3292,164792
989,3334,68791
990,3875,148417
991,13625,105625
992,4500,233541
993,16708,136417
994,7375,186917
995,18166,167125
996,4459,155667
997,14375,193333
998,5833,122250
999,4583,227500
1000,4834,100416
