numberOfIterations,mergeSort,quickSort
1,61756958,47140500
2,44000917,39723584
3,39144375,21316208
4,36823375,33869667
5,32287375,19259208
6,30804833,19339583
7,30693084,20000500
8,31043209,19996000
9,30735834,19918958
10,30807500,20038542
11,31001959,19931542
12,30862916,19877834
13,30923833,19976542
14,32417708,20089000
15,31211291,20034125
16,31066542,20117292
17,31718333,19292584
18,31652875,19174458
19,31915958,19173333
20,33825042,19704958
21,32368209,19270666
22,31187333,23936208
23,31536875,21056500
24,31462667,19986750
25,31077250,19872291
26,31291334,20209334
27,31477542,20279792
28,32388750,20797084
29,32358667,21906833
30,32484167,20495708
31,32266291,20554084
32,30864875,19867083
33,31371417,19193208
34,31635750,19005584
35,31118791,18874500
36,31273000,18888125
37,31792667,20015959
38,31115041,19292541
39,31024667,19898042
40,31067167,19933542
41,30950084,20056167
42,30769625,20136666
43,30934417,19894041
44,30883792,19902167
45,30684833,19882000
46,30818667,19804458
47,30471375,19497542
48,30544125,19522167
49,31222708,19030250
50,31312916,18794500
51,31366792,18925375
52,31204167,18930083
53,30587334,19016417
54,30209166,19567959
55,30545375,19574625
56,30631625,19535375
57,30182667,19633625
58,30675375,19672667
59,30657958,19682291
60,30720083,19591417
61,30636167,19728750
62,30557042,19511625
63,30651542,19658542
64,30561250,19635291
65,31431750,18856542
66,30963916,18934917
67,31464000,18882917
68,30923041,18917667
69,30477042,18824583
70,30688292,19560333
71,30600792,19606125
72,30652000,19586208
73,30502792,19518125
74,30702333,19727875
75,30526334,19632791
76,30553708,19610542
77,30804000,19630042
78,30671708,19679834
79,30712542,19734625
80,30944542,19031000
81,31422875,18875875
82,31333125,18872833
83,31253750,18984167
84,31333416,18907333
85,30501000,18932292
86,30887542,19591250
87,30546791,19567125
88,30704833,19755000
89,30690209,19796166
90,30593708,19631541
91,30891709,19740916
92,30601417,19923583
93,30732625,19665250
94,30716750,19858958
95,30573708,19801625
96,31471541,19101250
97,31406583,18966708
98,31379083,19235083
99,31363541,18883542
100,31429916,19136000
