numberOfIterations,mergeSort,quickSort
1,49152542,145321458
2,31285541,101829083
3,31690625,69990541
4,31781500,69403125
5,32089125,72197250
6,30997167,69115875
7,31104834,70879708
8,31064125,68891959
9,31023708,69435167
10,32703541,70158417
11,31355625,70778500
12,31178958,70112041
13,31154875,70893958
14,31898083,72154917
15,31005000,69283916
16,31517083,68203708
17,30845833,68304916
18,30895083,69078166
19,30811958,68481750
20,31372875,68392875
21,30749250,68479250
22,30779625,68579333
23,30773000,68216042
24,30680542,69280750
25,30618334,68444083
26,30758834,68650125
27,30737416,68275792
28,30716042,68986417
29,30743167,68172291
30,30622458,68166000
31,31357834,68229291
32,30900250,68384458
33,30699416,68275041
34,30765666,68380709
35,30712125,69248959
36,30897083,68421667
37,30757875,68283125
38,30652834,68628500
39,30733209,69010500
40,30803709,68232125
41,31032125,68047292
42,31459792,68407709
43,30845541,68380000
44,30612042,68821625
45,30684708,68772167
46,30653417,69222000
47,30815167,68295708
48,30674709,68568875
49,30698167,68179875
50,30844333,69070333
51,30571084,68456709
52,30832709,68214541
53,31478125,68387125
54,30978417,68912208
55,31702791,71387375
56,31177375,69677083
57,31396417,70557333
58,30774625,68194792
59,30685542,68361584
60,30604750,68319916
61,30772291,68995542
62,30489083,68422334
63,30782584,68371833
64,31412542,68352917
65,30688667,68235250
66,30664542,68531792
67,30782792,68379333
68,31622375,68190958
69,30656792,68583708
70,30812167,68127917
71,30691292,68405916
72,30617958,69113333
73,30805458,68449292
74,30794166,68206375
75,30730917,68334958
76,30830417,69532875
77,30726292,68215583
78,30802000,68325208
79,31436791,68314041
80,30731834,68169958
81,30684625,68406125
82,30666750,68408334
83,31680334,69478208
84,31307291,68624875
85,30871542,68257167
86,30853958,68655166
87,30687375,68842250
88,30852750,68621250
89,30621875,68466000
90,31412084,68061250
91,30840792,68273083
92,33876958,76511792
93,31185250,71340625
94,30993750,70611750
95,30887208,69375333
96,31268417,70428042
97,31161083,70218000
98,31233042,71101542
99,31058958,70091917
100,31075083,69999583
