16
12
45
8
42
40
8
44
40
46
13
51
59
21
42
55
34
13
67
40
26
12
33
3
43
42
2
32
16
41
59
7
43
20
27
47
13
68
63
15
30
49
43
68
57
36
42
85
44
13
10
46
50
101
4
47
58
8
40
26
46
63
44
17
96
72
86
41
87
28
58
112
28
99
91
57
46
72
78
102
128
100
65
49
119
42
56
130
136
42
121
75
124
104
94
66
124
55
136
77
99
102
54
128
124
89
107
96
98
152
156
100
76
159
94
116
127
96
154
119
109
125
95
147
164
98
168
134
159
165
91
126
163
130
91
132
176
168
146
94
137
112
102
98
96
140
154
167
164
185
160
157
166
196
178
131
162
135
166
204
147
201
208
209
128
198
202
132
135
156
140
186
142
215
185
203
183
163
161
193
172
212
221
232
203
210
173
188
235
233
215
174
184
146
207
174
204
244
179
222
165
162
206
153
163
183
168
188
226
181
178
206
242
233
202
194
210
220
241
233
198
239
178
200
185
189
222
216
218
195
271
268
189
238
274
273
257
271
273
213
239
257
229
217
234
261
235
296
290
296
298
245
268
261
291
276
278
272
279
214
302
227
294
309
270
256
249
286
257
254
291
256
317
274
242
242
229
282
308
270
290
261
234
302
293
320
326
333
321
254
297
300
299
250
279
287
306
307
294
294
264
345
297
280
321
268
309
324
294
309
262
312
266
355
359
338
306
332
274
361
351
310
315
346
305
322
338
308
360
327
334
285
361
338
303
315
379
386
379
293
389
351
327
306
375
327
375
327
300
311
362
359
350
353
346
379
320
380
357
320
409
352
397
373
357
373
330
374
324
365
371
336
380
415
374
364
383
341
373
394
339
397
383
414
338
374
349
427
340
403
412
418
417
391
366
377
349
430
410
392
447
443
414
408
392
424
396
397
404
425
450
448
379
414
461
396
397
416
439
375
463
399
413
377
440
428
464
411
417
446
406
381
478
392
411
452
480
472
413
410
464
426
457
443
425
444
437
485
409
466
406
465
424
412
471
407
445
444
459
412
433
447
459
423
485
463
428
452
426
476
486
493
476
486
459
449
489
435
465
493
431
464
460
481
451
453
477
498
462
468
487
464
488
446
469
468
454
482
484
496
