8984
1638
4955
4237
790
2157
6487
4127
3136
902
5644
7524
4222
1795
3451
7220
4799
5059
327
2222
342
1078
3656
6038
5717
5548
1553
8151
8576
7171
9721
676
3158
5340
8245
4061
3172
5415
1726
6731
1007
3505
9231
3591
641
967
208
7424
3299
1243
8731
5401
8183
8102
1213
146
5387
4889
2102
1104
4519
8928
7938
7317
441
3910
2662
7144
7106
5778
6068
3937
1470
4383
2918
9244
2143
4039
2354
6714
1570
977
6019
555
6353
4662
8518
2142
7580
2945
5753
7142
1947
8129
5041
3431
4860
2125
5899
6945
8752
4126
1922
8654
3365
3465
2273
838
9916
3668
5957
5003
7728
1084
3273
6923
164
2966
6630
6531
6540
5360
7248
1697
8023
754
5171
5271
8517
9078
7514
4215
5986
3366
3856
8109
5766
3120
8333
1892
5042
4302
5117
4290
6819
4720
7678
9064
2529
7553
2547
951
4662
3795
5103
1958
4749
6428
8342
6553
7423
5343
5540
6186
8291
2159
4276
4602
1943
8433
2342
5411
6509
9023
5772
2538
2900
4787
5392
2305
101
5262
1127
3175
2701
2459
2598
5444
3234
1527
485
8577
9823
2627
5597
8259
9153
1138
1600
8753
5811
9998
2986
8692
1735
8894
1988
45
3615
9841
6900
672
1918
7699
9514
611
2474
7148
1258
1062
456
4762
6003
2863
7032
5934
2500
8197
948
1629
928
5259
889
9193
6128
644
9582
4803
4764
8329
7279
2497
4878
7333
546
6214
4061
2307
2065
6769
6847
2676
8539
5285
2817
6269
6759
8219
4378
2810
2340
6871
7221
1145
1754
5966
7049
1600
5874
1812
3330
1499
2455
340
4556
7540
5720
9366
9752
3450
3530
7382
7845
5168
6513
3277
9913
8623
8943
7549
9277
7148
8172
5737
970
6511
7993
9120
5179
5633
1413
5998
8942
135
38
9331
6577
4063
487
2899
2129
2371
3104
8728
6442
3004
4584
3051
7394
2851
4077
6757
4276
6189
1856
8957
6373
7792
663
9092
1339
5370
2501
3804
1186
7661
7829
9717
2358
5135
9848
2207
1714
43
3905
3263
2022
1300
901
8640
9026
7598
4043
5605
7097
9029
270
7834
2007
3502
1244
3241
7472
9305
3954
3880
6772
9229
7623
4441
1954
4887
1905
7309
934
2086
1137
7693
7146
9382
826
1898
7291
2363
5442
5442
217
5570
1145
5471
4003
2492
3093
3628
8880
1615
4619
1432
837
3088
4782
44
4416
6291
1496
318
3543
3269
9800
7006
6045
6856
8698
3094
930
5119
5418
6358
7478
5711
2965
484
1719
4699
5400
7301
8965
4473
5396
5067
742
4469
319
80
655
6595
6343
5412
6547
4510
4888
1005
5598
2168
2104
4007
4996
2443
9997
6844
3200
1038
7352
3229
5916
4399
9645
9077
6461
2866
9749
6135
2369
1952
5477
1020
8804
5268
5693
1306
4627
2381
4103
3341
8827
3672
8644
3524
3403
2143
4909
5954
3791
9012
3964
4522
9428
5957
8548
6824
5170
1904
6731
582
8924
6354
8807
662
2074
4436
1463
6220
7065
1105
3050
3046
876
3191
5199
5733
3972
8386
8924
7958
1859
9657
7883
6856
338
2083
7529
9248
6202
6640
6494
3289
2233
2098
5754
9038
9121
1821
1876
5351
7166
7063
2952
8569
7502
2083
9700
521
5982
9321
9678
9502
2823
4754
9513
8125
7654
4578
8663
6172
2707
4380
8314
4921
6539
1092
730
1823
6906
6182
7612
843
4180
5793
847
4306
6060
9807
5395
6667
219
7210
2006
9267
4025
9526
6967
7843
9478
7593
7129
1323
7115
9500
1102
1272
4806
9108
1699
6245
6055
5255
444
4262
7732
1494
2299
9634
8988
4985
7614
7441
1522
1053
8770
127
6341
6829
966
5866
3683
3375
174
7613
870
760
6427
5110
7513
4657
7254
9488
8720
6191
4383
1560
4738
9026
6598
445
9796
8967
3041
8696
3836
1717
4191
3807
8290
3845
2223
3611
1088
522
8561
4921
6669
1117
4029
525
3957
366
6200
9606
8943
8495
9323
550
8835
8412
4469
3177
1549
1897
1480
9469
7757
9558
9677
8041
2651
1263
1344
7781
1127
4734
528
379
3193
42
9839
9772
6047
6856
9632
8928
5515
9467
7177
876
2301
1843
8276
1352
7856
1276
119
5071
584
4555
2154
6229
5568
4978
1217
6577
29
2066
8240
1155
2349
8332
6498
2617
4607
9118
5515
9967
7337
2142
529
6482
481
3174
4727
4603
6356
3027
303
2685
8867
8931
4897
9599
8164
275
1901
8430
1486
4678
6748
9733
9005
5426
6371
8184
8174
5389
5764
3827
1284
5726
3768
585
8710
9935
77
213
4702
5059
6799
9462
3452
2284
858
1861
656
8517
8027
3212
9832
9089
5439
1700
3222
9220
7068
9302
4294
8532
5828
1115
2562
8540
6733
3146
1737
7821
7836
7142
9051
3332
9562
3118
7035
9209
8498
6366
8958
6339
8681
5962
5712
6927
1997
6026
4997
8380
9457
9346
3325
9911
6764
5343
7576
3455
861
836
5649
7707
8973
2568
5048
420
8005
5027
4211
9432
118
5768
3800
7337
9805
3105
4260
8184
8854
7851
1496
7154
8189
1588
4732
5767
9819
8842
9284
5835
7819
9514
2294
5138
4622
912
1312
6578
7768
5818
4017
431
2684
4177
2337
6253
9085
1173
5769
6963
2144
3765
6787
2694
4707
1039
5889
6098
3515
1168
5063
3976
658
9192
6206
2341
1285
5378
5423
3305
9981
3472
4986
2565
1163
1820
2258
5668
3343
8026
8871
9736
3164
9591
4084
4864
2770
8797
3376
6031
3222
9
7067
2042
7448
1507
4028
2718
8538
1981
2408
9408
3034
3913
2695
6701
4351
2199
8399
5193
8432
6573
6201
6092
2322
671
476
8554
6469
8889
6778
9705
3241
4595
5094
5509
7423
9693
6436
7857
9237
6084
5731
9567
6846
4111
9812
4342
3201
1749
1856
3153
1628
990
2581
1987
5597
4647
4168
8499
741
7624
4985
6644
1386
1605
1939
9103
9622
1052
2564
7025
2223
1430
772
5399
9631
7672
8648
253
1655
1996
1593
781
6521
5445
5687
5503
