1720
2260
2633
5068
5400
9497
8279
5135
4300
346
532
7721
3452
566
9482
8225
1873
8997
8572
1162
3197
5872
4890
2153
6852
8710
6429
519
7561
9089
4451
3621
759
9107
3399
5432
2897
5901
1733
2153
8550
6285
4542
7133
734
1211
2786
5822
6908
1581
4658
9045
779
2725
1686
9495
9183
4782
5922
2014
4107
161
4850
2969
2196
7277
7506
7824
7995
1847
8666
8887
2590
3160
7996
7107
6337
2955
7525
2814
2919
8793
3937
310
2090
2148
1831
363
186
3841
309
2816
693
5877
8036
8738
2010
9280
1275
7891
5907
2097
5293
2595
8119
382
2008
3549
2020
7664
5791
6591
7383
5207
4916
2005
8867
6155
8329
9511
3052
1578
6098
2825
8597
5385
7226
7351
1417
8072
333
3411
5647
6374
1107
5245
1587
7024
5443
2962
3865
8013
8660
608
6562
50
9334
8532
7221
4199
919
2399
8319
9110
5539
4325
3052
2693
2152
3860
2086
8596
5590
7863
9301
7453
3920
8635
7518
6476
9031
9147
9669
8708
9374
2639
6953
4987
4400
1458
3153
7526
7375
6574
3455
3893
6994
4924
6894
4135
8484
6450
3834
1810
1736
6483
3793
1757
7416
2027
4345
3608
1976
2380
8838
205
9012
5531
9247
4400
7529
1834
576
6013
7305
5542
4938
3124
7789
2994
6696
8347
9752
3439
4837
1220
8222
4835
5153
2457
1201
2271
2734
4426
1069
1111
4777
4935
4662
451
4781
8180
3579
5003
1828
7521
8447
5153
2834
9655
9583
5609
1420
8732
1771
2784
4334
1917
2747
9876
5283
5064
3349
6430
6422
8229
2301
6148
9788
6020
96
2643
4496
7002
4585
7923
693
9734
5474
2469
7881
400
6223
8983
3552
8436
9566
4080
7830
2107
7243
3515
1226
5524
5452
6912
5541
2269
4968
7349
2454
8496
8948
9678
390
110
2000
8972
7917
4512
1285
7145
1063
7239
4111
1416
2749
7817
6793
3059
4804
7146
6365
8680
6935
817
168
9091
2451
8910
8290
2812
7540
3035
380
2204
9473
5605
1427
271
9225
4729
810
5310
5697
431
5062
8724
1982
4414
7667
8599
8913
6072
8474
7886
7538
2050
1272
1438
67
5283
519
560
8381
2160
7261
7201
224
3220
9858
2494
5840
3624
7305
5934
2007
4521
1665
2187
6172
5418
1382
2222
696
639
9125
4294
6106
56
6202
8148
2693
5447
547
2737
1776
8974
6842
3732
1544
9612
5406
2180
7499
6644
1154
9716
4208
6746
5146
8983
3343
2646
9034
93
2780
6848
7053
5278
2924
3484
1112
4265
9351
5046
2023
2291
5380
8375
3924
1195
4213
6139
9548
1554
7973
5792
1164
452
85
7946
5729
5131
8255
8
3052
7529
7585
8984
2658
8491
7251
9401
8414
3309
9609
8468
9963
2169
7595
778
6539
72
4842
9144
1856
837
3081
6471
8369
8918
3072
5971
5497
926
8553
3478
9111
5994
7529
6147
8993
426
1596
6383
6835
7404
1913
8501
9856
7003
9968
8334
4118
5187
2332
2741
7235
3062
