numberOfIterations,mergeSort,quickSort
1,236417,219750
2,100750,132916
3,93375,111833
4,91959,110667
5,91792,111291
6,102833,113000
7,92459,112292
8,91917,112250
9,178541,250708
10,94208,113666
11,91625,112208
12,118750,110708
13,128209,182084
14,142083,174083
15,135958,169625
16,133125,172542
17,129208,174167
18,3718500,168833
19,101750,170209
20,93000,152500
21,91208,149167
22,90250,142291
23,85333,144625
24,85667,43209
25,86292,29000
26,86000,39834
27,84916,28917
28,86792,28917
29,85083,31459
30,85375,30167
31,87583,29125
32,85208,33125
33,85500,30209
34,86709,37541
35,88917,46250
36,87625,35333
37,93042,38875
38,85834,46375
39,86292,31834
40,85709,28375
41,86334,31084
42,86083,28083
43,85041,32333
44,162916,30709
45,120292,86042
46,124375,96333
47,128459,86083
48,121417,91042
49,120000,86041
50,123958,86500
51,123083,90083
52,118875,93083
53,131750,83208
54,118334,80917
55,125083,88208
56,126541,80917
57,120958,82500
58,121625,99000
59,129333,83458
60,124584,84500
61,118625,89708
62,128792,81875
63,152167,82042
64,120750,96250
65,128958,84125
66,124250,87209
67,122750,97875
68,127292,89375
69,125541,81292
70,117583,90500
71,125625,85125
72,126125,90916
73,121875,88875
74,119500,87666
75,123500,89042
76,124292,95750
77,131250,92167
78,122084,80625
79,93416,1491750
80,89209,24792
81,85334,25166
82,85250,27958
83,89750,25209
84,85167,25083
85,85792,28875
86,86916,27583
87,86042,26167
88,85959,33458
89,85875,28375
90,85708,30334
91,85375,29042
92,87958,31625
93,85000,28708
94,85583,26917
95,85166,26958
96,86208,28208
97,85083,30917
98,85125,27875
99,85458,29750
100,84417,33459
101,84750,28000
102,86542,29875
103,84958,31458
104,85375,28459
105,87041,35333
106,85000,93917
107,85417,29083
108,87500,32750
109,84541,41667
110,86334,40417
111,85666,38792
112,88708,31917
113,86542,30041
114,85625,32666
115,86167,29834
116,85792,30750
117,85375,27500
118,86459,30166
119,85166,29458
120,87042,40458
121,87417,32958
122,85333,32917
123,85625,29084
124,92625,28500
125,85084,32541
126,86125,29291
127,86750,31833
128,85042,29208
129,85459,29958
130,87709,35292
131,85833,34958
132,88041,39417
133,86375,40584
134,85041,43250
135,86875,29708
136,87792,28000
137,85209,29666
138,85583,30042
139,86625,32834
140,88083,28750
141,120625,118250
142,123916,83708
143,120417,86792
144,120459,89958
145,125833,85000
146,118333,84167
147,119958,85875
148,124375,83000
149,119625,87292
150,119625,89792
151,124833,83291
152,118750,84208
153,121833,90333
154,123667,84209
155,125250,86625
156,119375,94583
157,121041,81584
158,121333,82917
159,119875,90458
160,133500,89084
161,68042,84291
162,66208,98084
163,64334,97500
164,57000,92709
165,54417,88708
166,58208,84000
167,60583,92333
168,56750,92958
169,54459,84250
170,56000,93833
171,51708,86750
172,52167,83625
173,54792,90833
174,53333,93209
175,50833,82834
176,51958,81375
177,49792,86417
178,50042,80125
179,52042,86084
180,51417,83125
181,51125,83125
182,56250,87167
183,53875,80166
184,50084,78959
185,56166,84084
186,51792,82958
187,52750,78209
188,68583,87542
189,52334,84167
190,52041,85542
191,66416,87250
192,1335834,80333
193,22583,30125
194,19125,28125
195,20417,26167
196,22458,32708
197,19792,29250
198,25792,28375
199,22000,49917
200,19875,36375
201,26333,31542
202,24250,40292
203,22166,35583
204,27459,33333
205,23542,35750
206,20292,34958
207,25084,34500
208,20333,34750
209,22833,35334
210,23292,33166
211,20500,33500
212,23042,37000
213,21541,31292
214,21709,31625
215,23500,33042
216,22625,33542
217,24208,33959
218,23541,34959
219,23458,33458
220,25084,32334
221,19834,33000
222,20750,30500
223,24750,28209
224,20125,33666
225,24375,32292
226,24875,34083
227,22750,37916
228,27084,38375
229,27250,36166
230,26917,42166
231,29500,44708
232,23625,35250
233,22083,36458
234,25000,36792
235,22541,33667
236,20083,36625
237,24291,34833
238,22375,38959
239,24875,35458
240,20333,34291
241,23250,33084
242,22958,36833
243,22167,36708
244,22167,36833
245,23167,36750
246,21500,30417
247,21500,32417
248,22666,33500
249,20166,32084
250,24625,32500
251,23750,37167
252,22291,33500
253,24917,36000
254,24834,33750
255,77833,63167
256,31208,57917
257,26625,39666
258,22375,38375
259,28000,38375
260,23917,35375
261,24000,37000
262,27917,40833
263,22625,30542
264,23208,33417
265,21292,34333
266,21167,27792
267,21459,30500
268,20000,30625
269,20333,28833
270,22750,31709
271,20792,36375
272,25166,31208
273,20875,32250
274,21000,33875
275,26834,31917
276,19791,31500
277,20292,35750
278,22625,32000
279,20583,31250
280,19625,31792
281,23041,31833
282,20375,32292
283,22500,32833
284,24500,33041
285,23125,33584
286,23375,34333
287,22916,35334
288,22500,31125
289,24125,37291
290,22959,34292
291,21667,32333
292,20875,32583
293,21375,31459
294,22541,31792
295,20791,31917
296,27209,39166
297,25583,34542
298,23166,38541
299,25792,36458
300,56625,37708
301,22000,89583
302,24500,34750
303,52292,37333
304,19833,78667
305,23500,33250
306,57417,1297208
307,56250,83958
308,63667,82583
309,54958,83292
310,48583,82125
311,61959,78625
312,51250,78667
313,54083,79833
314,61042,82375
315,53583,81750
316,50416,83209
317,58042,79416
318,50583,85375
319,48750,83000
320,58958,79959
321,52416,86625
322,51875,87500
323,48000,92500
324,53750,85208
325,56875,82084
326,49833,91083
327,53917,90125
328,53208,83167
329,52417,91667
330,56958,92375
331,54750,83167
332,50625,91542
333,52583,84291
334,55333,82167
335,55583,96916
336,54208,94250
337,57208,80375
338,54833,91917
339,56667,89333
340,55458,83542
341,54250,99417
342,54166,88041
343,55750,82334
344,55208,94917
345,51542,86959
346,53209,84334
347,50333,93209
348,51667,87917
349,53625,79000
350,51375,90542
351,52083,84500
352,55250,80250
353,53584,90125
354,53375,85792
355,54375,79917
356,49917,94917
357,49667,82542
358,54083,80291
359,52375,91542
360,60917,84375
361,55500,90125
362,61542,98792
363,53959,95375
364,57084,85166
365,54958,92958
366,52125,91000
367,54250,83167
368,55541,91834
369,56000,87833
370,64458,82917
371,50583,78917
372,49833,82084
373,61708,79625
374,55625,79583
375,54792,83959
376,63167,80750
377,52375,83209
378,50292,82750
379,64750,79541
380,57625,83833
381,54292,92125
382,59917,78792
383,52708,82250
384,61125,99917
385,66417,95542
386,54834,87375
387,56792,87458
388,62708,87459
389,50666,79250
390,50750,76375
391,59750,79959
392,51583,78834
393,52583,75708
394,58792,78375
395,51584,81166
396,60208,74584
397,56959,81792
398,51750,83458
399,51709,76917
400,48458,85292
401,51791,81375
402,53791,78916
403,50708,90916
404,54250,79708
405,58792,78292
406,51209,89375
407,53334,83333
408,57667,77417
409,51834,91667
410,52417,82084
411,60292,79209
412,53666,96166
413,50792,80875
414,62500,78167
415,52667,91125
416,53750,85042
417,58458,83208
418,53000,89833
419,51084,83166
420,52125,80542
421,48917,88375
422,17667,58667
423,20833,29334
424,20625,29000
425,17709,29083
426,21250,27459
427,18375,28083
428,17917,29375
429,22333,29417
430,18875,28167
431,19000,30958
432,21666,29708
433,19041,29334
434,19000,30667
435,21917,30459
436,19959,29792
437,22000,31625
438,22208,29917
439,20291,28541
440,20250,30375
441,21333,31375
442,20084,30291
443,20792,31000
444,23208,30792
445,21875,33250
446,23125,37167
447,38000,34667
448,26084,42958
449,20125,34542
450,20333,33083
451,22791,32416
452,20084,33750
453,20875,34041
454,23334,33833
455,20959,33667
456,21084,32208
457,21583,34625
458,19709,32000
459,20750,29708
460,19250,30542
461,18459,31833
462,19917,29459
463,21083,31042
464,20625,28833
465,19625,29167
466,19833,29166
467,20500,27958
468,19583,28833
469,19250,30000
470,21792,27917
471,18250,28625
472,18958,29875
473,21208,28208
474,17917,29417
475,19167,29959
476,20833,28375
477,18250,29166
478,19958,30500
479,23292,31416
480,21125,35500
481,22291,34250
482,21833,30500
483,18958,31083
484,22291,31791
485,21500,29833
486,19042,36333
487,20584,32375
488,19584,29500
489,19791,29458
490,19125,29125
491,1017833,28333
492,19792,55667
493,17500,26833
494,51458,27459
495,20500,53333
496,17000,26000
497,50125,30750
498,20000,50458
499,17375,27083
500,51417,35333
501,19917,47792
502,17792,28750
503,51666,45500
504,19000,44917
505,18459,29250
506,52834,46042
507,19208,41375
508,17791,29791
509,50750,46458
510,19125,40292
511,19417,30084
512,56875,58875
513,25208,45209
514,23458,34000
515,52250,58417
516,22500,33625
517,21625,31875
518,51666,59875
519,19083,31375
520,21083,32875
521,52333,61750
522,20375,27625
523,18583,29000
524,45250,59792
525,21500,29500
526,17958,29375
527,43875,63500
528,21125,28250
529,17792,28292
530,40209,66583
531,21584,28750
532,18209,29583
533,36750,70042
534,19875,29375
535,20250,27541
536,35292,73333
537,19666,29875
538,19958,27917
539,33167,81958
540,19291,30041
541,20208,27875
542,28958,78375
543,19792,29625
544,23167,27750
545,26666,78375
546,19750,29500
547,27416,27916
548,22208,77292
549,19375,29792
550,31000,28292
551,19208,76833
552,18208,29583
553,33583,29000
554,18833,82459
555,19542,29625
556,36125,29417
557,18292,73375
558,20917,29750
559,38458,29166
560,18500,72084
561,21208,30125
562,41334,28625
563,18667,66042
564,19500,30584
565,44625,29250
566,19666,64042
567,19667,29375
568,50125,29417
569,22375,59708
570,18208,29542
571,50167,28916
572,20625,57000
573,18125,30042
574,51583,32166
575,21334,54583
576,17917,29833
577,51792,35459
578,19958,51166
579,18375,30250
580,53250,38334
581,19834,48333
582,18417,29875
583,51583,41334
584,19500,44833
585,19250,30709
586,53875,48541
587,19417,42000
588,20625,29875
589,50333,47084
590,19375,39708
591,20167,29792
592,49958,50375
593,19208,36375
594,20584,30333
595,51250,54583
596,19167,34750
597,20667,30083
598,50125,55666
599,19375,58458
600,18833,29958
601,50500,60541
602,21375,36833
603,19042,30417
604,51708,62291
605,20542,30541
606,20708,28500
607,18833,29000
608,20708,30375
609,20500,28125
610,19208,29209
611,21625,31958
612,21416,34958
613,20167,30541
614,20500,30917
615,20750,28667
616,23958,31542
617,21042,34875
618,21584,30792
619,20708,31250
620,19459,30916
621,22584,27958
622,18792,29542
623,18959,30333
624,25875,29375
625,18541,29334
626,19000,30500
627,21875,29250
628,18583,29834
629,18459,30750
630,22166,29875
631,18625,29750
632,19625,34250
633,21750,29542
634,18834,29958
635,21125,30000
636,22125,39834
637,18583,29833
638,20375,30583
639,21083,29583
640,19625,28916
641,21292,42334
642,25625,36500
643,25667,33667
644,21584,36583
645,24875,31959
646,25417,35917
647,20583,36375
648,22541,33458
649,22792,32125
650,19708,32125
651,23208,31792
652,22542,31916
653,20042,30750
654,22666,34042
655,22125,29375
656,19500,34208
657,22625,31375
658,20500,30000
659,19916,31708
660,22292,31375
661,21208,32333
662,19458,31042
663,21416,30667
664,20959,30917
665,24583,32583
666,21917,31250
667,20458,32584
668,21375,32917
669,19666,31750
670,20208,31000
671,20917,31500
672,22750,34583
673,25000,38750
674,25625,38542
675,24084,37625
676,23917,37417
677,1143834,32792
678,19416,28875
679,21833,29584
680,19500,26334
681,18458,26875
682,21375,29083
683,19333,26834
684,17791,26250
685,19917,27917
686,21958,26625
687,30959,31583
688,22750,33833
689,23041,33125
690,23292,33959
691,23625,35583
692,38584,54292
693,35458,56875
694,30958,61750
695,31125,47625
696,28459,47333
697,28042,45417
698,32417,42083
699,26083,43875
700,26917,45875
701,31750,43875
702,18542,32250
703,17666,31500
704,25667,28666
705,20250,27458
706,21459,29250
707,23333,31750
708,18791,28875
709,23084,35125
710,21750,33083
711,21875,32459
712,23083,33875
713,24667,31708
714,22709,31083
715,23292,35917
716,23667,34125
717,21709,31916
718,21125,31083
719,22875,32916
720,23583,32250
721,20917,39375
722,24875,34208
723,22000,30791
724,20125,30250
725,22875,27875
726,23583,35584
727,18667,32167
728,21459,30083
729,19625,28333
730,19709,31250
731,21625,35375
732,19708,30750
733,21750,37167
734,24375,33583
735,23541,39458
736,21459,37708
737,24833,34875
738,24166,37625
739,24834,35500
740,22041,38667
741,20500,34875
742,25208,36833
743,21375,36458
744,22500,33166
745,23792,35833
746,21083,33875
747,23292,33458
748,24666,34417
749,20375,33084
750,22625,35625
751,25334,31583
752,20291,34167
753,24625,31750
754,21916,29792
755,20125,30666
756,23042,29584
757,24500,32417
758,21042,34875
759,22792,37125
760,26459,31417
761,22958,32750
762,20417,34125
763,22375,32750
764,22292,34708
765,19625,36166
766,23417,32459
767,22000,33333
768,19750,32417
769,30834,37625
770,23542,38917
771,24333,37291
772,27416,37167
773,22667,36958
774,24333,41083
775,30834,33917
776,23916,34709
777,23625,38208
778,29917,40125
779,25542,41875
780,21334,36583
781,21500,27167
782,24875,31917
783,24375,35125
784,24959,36417
785,23583,35500
786,24584,36583
787,22959,32875
788,22166,32333
789,25166,36125
790,26875,34167
791,22375,33500
792,29334,38667
793,40625,93958
794,21583,28291
795,19750,31667
796,20792,30667
797,23125,28375
798,19292,32750
799,20917,31833
800,27500,35708
801,24333,41000
802,24833,38042
803,26083,41584
804,23084,37958
805,21583,36458
806,22292,32125
807,24250,36250
808,24083,38500
809,22625,36958
810,20792,33000
811,24625,40334
812,24042,35541
813,22542,36875
814,23958,35209
815,22709,36416
816,26167,32875
817,20833,32166
818,22667,33792
819,24583,29542
820,22417,34541
821,23541,36167
822,26666,42334
823,20583,34500
824,21333,32250
825,25334,31083
826,20875,35625
827,24167,35083
828,22459,30333
829,20542,30416
830,21125,34208
831,22250,30625
832,20542,32542
833,27042,33292
834,23208,33667
835,21000,34459
836,22708,32959
837,22000,32542
838,20250,32792
839,21166,34583
840,22709,34291
841,22125,33042
842,20792,34875
843,21791,32708
844,24792,31959
845,20666,36291
846,26083,37959
847,21584,33292
848,20542,32750
849,25333,34791
850,21084,32708
851,20500,34417
852,25000,34500
853,22500,32000
854,21042,35667
855,27209,31333
856,21542,33250
857,20209,34125
858,25584,32666
859,21833,34166
860,22459,35041
861,24916,30291
862,21750,32250
863,25708,1158250
864,24291,27167
865,19750,25417
866,21125,26708
867,23542,29208
868,19000,26000
869,19042,28667
870,19292,28000
871,23000,31958
872,20667,31208
873,19375,31458
874,24334,39625
875,20500,34750
876,21500,34959
877,24417,32583
878,23792,36792
879,20584,32917
880,22917,37083
881,20541,37916
882,24458,32416
883,21417,36500
884,19875,35541
885,23625,33792
886,21125,33083
887,25875,33000
888,21792,34000
889,21917,36625
890,26166,29833
891,25250,38375
892,22291,43166
893,28959,34583
894,23125,37708
895,29375,39167
896,31958,39583
897,24083,37834
898,25500,38875
899,30584,43625
900,26000,45333
901,25500,42209
902,23792,34958
903,22875,34084
904,23083,34458
905,20125,30208
906,21375,31250
907,29958,39709
908,25667,38583
909,22834,35791
910,23542,35292
911,24625,33750
912,21458,32209
913,22500,34291
914,22875,31834
915,22709,32833
916,20250,35750
917,23042,32500
918,27666,36291
919,26125,43625
920,28708,42167
921,27583,39792
922,26292,43750
923,25583,39125
924,26750,40834
925,23583,40708
926,27625,37000
927,22750,34875
928,24167,38292
929,30625,41250
930,28625,42250
931,24041,41875
932,24708,36375
933,23500,30791
934,24458,34458
935,24584,33125
936,22917,30333
937,23709,34750
938,23000,35041
939,22875,32042
940,21375,34875
941,22625,39542
942,24500,36834
943,24083,39208
944,24250,42500
945,24042,38042
946,19875,33083
947,19291,31666
948,23875,33042
949,18875,33125
950,19625,29959
951,22209,31375
952,21000,35208
953,21375,35959
954,25417,37042
955,23208,39625
956,24875,35875
957,26500,44333
958,27167,37083
959,25625,37167
960,21750,36083
961,22541,32875
962,24125,35333
963,22625,34792
964,22625,34125
965,27625,42084
966,28958,36625
967,30959,50875
968,27625,41083
969,24250,50625
970,26917,42834
971,22208,36500
972,21667,34333
973,29958,34417
974,23166,39208
975,23833,41833
976,28958,41458
977,24209,37708
978,24041,39250
979,47791,36541
980,30875,45667
981,29500,51542
982,29459,44666
983,24125,41000
984,27042,46458
985,29500,38166
986,23125,38750
987,25584,37792
988,27875,37958
989,22750,35583
990,26750,41209
991,28750,41583
992,27375,36416
993,22125,42292
994,23542,34250
995,24959,33208
996,23209,34916
997,23375,35542
998,23417,31875
999,19583,33209
1000,25791,35375
