numberOfIterations,mergeSort,quickSort
1,39541,43125
2,38625,31292
3,37458,29292
4,37209,28291
5,36542,31000
6,36500,32250
7,49750,28000
8,36541,32875
9,38042,29917
10,36917,26875
11,36333,28333
12,35959,28083
13,1041500,28083
14,37709,28500
15,36333,22959
16,23625,23583
17,27166,23458
18,23459,24084
19,12916,24834
20,12625,23250
21,13708,21417
22,13666,17292
23,12792,19584
24,13000,23375
25,13542,15500
26,13833,14333
27,27458,16375
28,13709,17209
29,14292,16167
30,13917,15000
31,13208,16042
32,12750,15875
33,13875,15834
34,13833,14542
35,12791,15834
36,12625,15375
37,14250,15917
38,13666,14542
39,12750,15458
40,13000,15416
41,13833,15500
42,16333,14834
43,13000,16500
44,12958,16125
45,14458,16250
46,15375,15208
47,14167,15875
48,14375,15792
49,14250,15042
50,13125,15833
51,13250,16416
52,13875,38833
53,14208,15000
54,12958,15875
55,13375,16333
56,17958,15834
57,14166,14500
58,12792,15583
59,12542,15250
60,13833,15833
61,14042,15333
62,13042,16042
63,12417,16333
64,14583,24000
65,13541,14583
66,12542,15583
67,13042,17042
68,13917,15292
69,13416,14292
70,12583,15167
71,12792,15500
72,13750,15459
73,13417,14292
74,12541,15459
75,12625,15750
76,14209,16333
77,13916,15042
78,13833,15750
79,12958,16083
80,14333,16208
81,13542,14375
82,12709,15250
83,12417,15833
84,13542,15250
85,13750,14333
86,13125,17625
87,13917,16541
88,13750,14458
89,14250,15375
90,13209,16000
91,13500,15875
92,13625,14458
93,12625,15417
94,12750,15375
95,13792,15541
96,13500,14458
97,12834,15166
98,12541,15584
99,14208,15458
100,13500,14375
101,12417,15542
102,13125,18708
103,13583,16208
104,13833,14583
105,13042,15917
106,13792,16167
107,13917,15833
108,14250,14875
109,13291,15792
110,12791,15542
111,14166,15709
112,13625,14417
113,12667,15542
114,13333,16167
115,14291,16334
116,14041,14917
117,13250,16208
118,13292,15875
119,14666,16167
120,15417,15125
121,13125,16625
122,13792,16041
123,14084,14875
124,12916,15917
125,12875,16750
126,14041,16875
127,14125,14958
128,13375,15916
129,13084,39375
130,14708,16667
131,13875,14833
132,12958,15792
133,13166,15667
134,13791,16292
135,14209,14708
136,13167,15959
137,13000,16167
138,14042,16083
139,14333,14792
140,13292,16250
141,13125,15833
142,14459,15833
143,13916,14959
144,12959,16000
145,12916,16542
146,14458,17167
147,14000,15167
148,12917,15833
149,13167,16250
150,13958,15917
151,13334,16250
152,13000,16125
153,13000,15792
154,14000,15708
155,14000,14958
156,13167,16083
157,13333,16500
158,14209,15958
159,13917,14916
160,13083,16042
161,14250,15958
162,13958,14750
163,12958,15875
164,14791,15875
165,15417,16666
166,14291,14750
167,12917,15958
168,12791,16167
169,14000,15875
170,14000,14792
171,13459,16041
172,13208,16000
173,13875,16500
174,14167,15000
175,12917,15791
176,13042,15542
177,14042,15708
178,13667,14791
179,12833,16250
180,13250,13708
181,14458,4417
182,13458,4667
183,13083,3791
184,12916,3750
185,14583,6417
186,13167,2792
187,13000,3541
188,13042,3709
189,14292,3916
190,14625,2916
191,13333,3583
192,14542,3875
193,14166,2625
194,13083,3792
195,13167,3875
196,13875,3708
197,14208,2500
198,13000,3916
199,12958,4209
200,14459,3583
201,13916,2542
202,13500,3958
203,13709,3625
204,21083,5250
205,13792,2916
206,12500,15916
207,12333,3583
208,13417,3750
209,13458,2709
210,12291,3750
211,12292,3667
212,13667,3791
213,12833,3875
214,12375,3667
215,12208,3875
216,13333,3792
217,16375,2584
218,12333,3708
219,12167,3667
220,13375,3750
221,12084,3917
222,12208,3625
223,13416,3709
224,14167,2583
225,12042,3500
226,12208,3792
227,13417,3416
228,13208,2542
229,12166,3667
230,12417,4208
231,13458,8125
232,13334,2625
233,12542,4000
234,12625,3542
235,13375,3834
236,13208,2542
237,12250,3792
238,12416,3750
239,13417,3750
240,13333,2750
241,12167,3458
242,12334,3791
243,14250,5958
244,13042,5208
245,12250,3875
246,12417,3916
247,13375,3791
248,13666,2750
249,12292,3750
250,12292,3875
251,13125,3708
252,12125,3917
253,12250,3791
254,13708,3750
255,13709,2541
256,12250,3417
257,12166,3584
258,13583,4042
259,13458,2500
260,12584,3750
261,12375,4041
262,13250,3791
263,13666,2708
264,12334,3625
265,12291,3667
266,13042,3625
267,13208,2458
268,12125,3584
269,12209,3958
270,13083,3417
271,13000,2666
272,12500,3500
273,12125,3541
274,13458,3792
275,13583,2667
276,12375,4209
277,12500,3791
278,13458,3708
279,13292,2750
280,12125,3917
281,12334,3750
282,15166,3708
283,12125,19500
284,12208,3750
285,12625,3583
286,13292,2542
287,12084,3916
288,12166,3709
289,12083,3625
290,13750,3917
291,12084,4250
292,12375,3709
293,13084,3959
294,13208,2875
295,12375,3375
296,12334,3625
297,13250,3458
298,13042,3042
299,12042,3666
300,12125,3500
301,13417,4250
302,12792,2625
303,12250,7500
304,12084,3541
305,13209,3417
306,13125,2417
307,12083,6584
308,12166,3583
309,13125,3541
310,13208,2459
311,12000,3625
312,12125,3625
313,13375,3500
314,13083,2709
315,12292,3541
316,12625,3750
317,13083,3917
318,12917,2583
319,12250,3625
320,12208,3875
321,15250,3792
322,13500,4417
323,12625,4584
324,13916,4375
325,14084,2875
326,12542,4833
327,12666,4167
328,12417,4084
329,13625,2709
330,12375,4041
331,12541,3792
332,13333,3666
333,13958,2500
334,12542,4125
335,12250,3792
336,13333,3709
337,14084,2750
338,12333,3792
339,12333,4167
340,13500,3541
341,13417,2667
342,12291,4917
343,12292,3667
344,13167,3625
345,13209,2625
346,12166,3792
347,13042,3666
348,13417,3416
349,13084,2500
350,12292,3625
351,12542,4166
352,13625,4042
353,13042,2541
354,12250,3458
355,12041,3792
356,13375,3583
357,13167,2667
358,12375,3583
359,12125,3417
360,25083,3792
361,12459,4833
362,12167,4708
363,13250,3500
364,13166,2542
365,12125,3583
366,12125,3625
367,13333,3417
368,13583,2542
369,12208,3542
370,12250,3458
371,13000,3584
372,13209,2791
373,12250,3500
374,12208,3417
375,13541,3709
376,13333,2542
377,12292,4041
378,12625,3834
379,13833,3833
380,14125,2917
381,13334,4041
382,12375,4083
383,13875,4042
384,13125,2666
385,12166,3667
386,12458,3583
387,13292,4208
388,13583,2541
389,12541,3667
390,12208,3584
391,13083,3500
392,13000,2667
393,12000,3375
394,12125,3417
395,13500,3833
396,13125,2500
397,12417,3834
398,12041,3666
399,13833,3500
400,15542,1069375
401,11416,2667
402,11250,1917
403,11250,3167
404,11250,1708
405,11292,1541
406,11125,1542
407,11209,1583
408,11125,1542
409,12542,3667
410,13583,4041
411,13083,2500
412,12125,3542
413,12209,3833
414,13250,3542
415,13292,2667
416,12292,3459
417,11167,3584
418,11125,1541
419,11500,1625
420,11416,1750
421,11834,6375
422,10959,4292
423,10959,1666
424,11125,1625
425,10917,1583
426,10958,1500
427,11042,1583
428,11208,1958
429,11166,1875
430,11333,1917
431,10917,1667
432,10959,1583
433,11041,1708
434,11084,1542
435,13334,2958
436,12292,3625
437,12459,46583
438,13083,3750
439,14125,3250
440,11250,1625
441,11125,1750
442,10958,1708
443,11083,1459
444,11125,1625
445,11209,1875
446,11083,1584
447,11125,1584
448,11166,1625
449,11042,1584
450,11000,1625
451,11416,1584
452,10959,1667
453,11042,1625
454,10958,1916
455,11041,1458
456,10958,1625
457,11125,1958
458,11000,1541
459,11000,2208
460,11084,1583
461,11709,1625
462,11250,1667
463,11167,1625
464,11167,1875
465,11042,1667
466,11125,1750
467,11166,1708
468,11084,1667
469,11083,1709
470,10958,1708
471,11333,1750
472,11291,1791
473,11083,1625
474,11042,1542
475,11083,1625
476,11000,1625
477,11000,1667
478,11125,1792
479,10959,2750
480,10958,1625
481,10958,1667
482,11375,1625
483,11083,1542
484,11042,1542
485,13125,6167
486,12958,5250
487,12250,3334
488,11916,5292
489,16083,3041
490,13625,3375
491,12333,3709
492,12583,5375
493,13041,3334
494,12709,2583
495,12083,5625
496,12208,3167
497,12833,6250
498,12916,2875
499,12041,3334
500,11709,3208
501,13417,3917
502,13875,2458
503,12208,3416
504,11041,1666
505,11042,1792
506,10917,1708
507,11000,1625
508,11041,1750
509,11125,1667
510,11166,1709
511,11042,1584
512,11208,1625
513,11834,1875
514,11167,1667
515,11166,1750
516,11125,1584
517,11334,1541
518,12125,1792
519,11125,1750
520,11166,1541
521,11125,1541
522,10959,1500
523,11417,1458
524,10958,1458
525,11083,1584
526,11042,1792
527,11000,1625
528,10875,1583
529,11083,1750
530,11292,1666
531,11042,1625
532,11000,1625
533,11208,1625
534,11250,1667
535,11042,1708
536,11084,1833
537,11459,2042
538,11000,1792
539,10958,1833
540,11667,1708
541,11166,1708
542,11167,1625
543,11333,1375
544,11750,1417
545,11209,1583
546,11166,1500
547,11209,1666
548,11250,1542
549,11209,1750
550,11208,1666
551,11292,1500
552,11166,1625
553,11209,1958
554,11500,1583
555,11209,1583
556,11250,1625
557,12750,2959
558,11208,1583
559,11167,1584
560,11167,1500
561,11125,1708
562,11875,3375
563,11959,3417
564,13500,3375
565,13916,2583
566,12875,4459
567,12709,4000
568,13125,4000
569,13000,2541
570,12500,4291
571,12625,5041
572,13584,3958
573,13875,2917
574,12875,3625
575,12459,3667
576,13667,4833
577,12917,2792
578,12167,4958
579,12416,3459
580,13209,3583
581,11209,1625
582,11292,1542
583,11167,1667
584,11084,1625
585,11584,1500
586,11167,1500
587,11125,1584
588,11167,1709
589,11125,1542
590,11167,1542
591,11125,1584
592,11125,1583
593,11125,1750
594,11291,1875
595,11541,1750
596,11500,1750
597,11083,3083
598,11167,1708
599,11209,1667
600,11125,1542
601,11042,1542
602,11291,1458
603,11250,1583
604,10958,1708
605,11167,1666
606,11666,1625
607,11333,1708
608,11083,1750
609,10916,1500
610,11125,1500
611,11083,1417
612,11250,1791
613,11250,1542
614,11250,1583
615,11083,1667
616,12375,1459
617,11125,1583
618,11084,1458
619,11125,1500
620,11125,1750
621,11208,1541
622,11209,1542
623,11209,1625
624,11208,1583
625,11167,1583
626,11375,1625
627,11333,1709
628,11167,1708
629,11083,1709
630,11167,1542
631,11166,1666
632,11250,1583
633,11125,1625
634,11166,1583
635,11291,1583
636,12125,1958
637,11542,1459
638,11167,1542
639,12917,3875
640,12917,2417
641,12334,3417
642,11958,6500
643,13167,3250
644,12875,2375
645,12042,3333
646,12125,3292
647,13125,3500
648,13292,5083
649,12083,4584
650,12042,3333
651,16667,5834
652,13042,2500
653,12417,3542
654,12042,3000
655,13625,3333
656,14208,2333
657,12167,3167
658,11208,2417
659,11208,1541
660,11250,1750
661,11125,1666
662,11167,1750
663,11042,1542
664,11125,1458
665,11083,1459
666,11125,1459
667,11125,1750
668,11416,1583
669,11084,1500
670,11125,1459
671,11125,1625
672,11125,1584
673,11083,1625
674,11208,1667
675,12667,2042
676,11042,1750
677,11125,1541
678,11625,1584
679,11292,1667
680,11125,1541
681,11084,1542
682,11208,1583
683,11208,1541
684,11209,1583
685,11167,1583
686,11209,1583
687,11125,1667
688,11250,1458
689,11375,1666
690,11125,1833
691,11125,1542
692,11209,1583
693,11125,1583
694,11250,1583
695,11250,1834
696,11167,1458
697,11250,1417
698,11291,1541
699,11500,1542
700,11167,1583
701,11208,1500
702,11125,1541
703,11208,2000
704,11166,1541
705,11209,1625
706,11167,1667
707,11208,1500
708,11084,1583
709,11292,1625
710,11416,1541
711,11209,1625
712,11208,1584
713,11166,1583
714,11417,1542
715,11167,2917
716,11875,2583
717,11916,3458
718,12792,3167
719,13208,2709
720,12000,3083
721,12000,3166
722,13125,3416
723,13084,2625
724,12166,3541
725,12041,3209
726,15084,3208
727,14750,2334
728,12042,3584
729,12167,3292
730,13500,3417
731,13167,2708
732,12166,3041
733,12125,3000
734,13208,6000
735,11083,5208
736,11250,1583
737,11250,1542
738,11125,1541
739,11125,1542
740,11417,1541
741,11458,1584
742,11166,1583
743,11166,1583
744,11042,1750
745,11166,1458
746,11167,1917
747,11125,1583
748,11291,1500
749,11125,1584
750,11333,1583
751,11375,1541
752,11250,1584
753,11250,1583
754,12209,1750
755,11167,1500
756,11167,1542
757,11209,1667
758,11041,1875
759,11125,1458
760,11125,1500
761,11625,1583
762,11167,1834
763,11125,1459
764,11250,1625
765,11292,1667
766,11167,1584
767,11250,1584
768,11250,1666
769,11209,1542
770,11042,1708
771,11292,1500
772,11292,1542
773,11416,1791
774,11125,1666
775,11041,1500
776,11250,1667
777,11334,1583
778,11041,1625
779,11208,1709
780,11208,1500
781,11375,1708
782,11375,1542
783,11167,1542
784,11250,1541
785,11208,1584
786,11125,1542
787,11208,1584
788,11208,1584
789,11292,1584
790,11167,1584
791,11250,1584
792,11542,1583
793,12041,1916
794,11042,1625
795,11167,1542
796,11208,1542
797,11208,1583
798,11125,1625
799,11291,1791
800,11250,1833
801,11292,1583
802,11333,1625
803,11417,1500
804,11209,1500
805,11209,1833
806,11334,1542
807,11250,1583
808,11250,1750
809,11125,1583
810,11250,1542
811,11250,1583
812,11250,1833
813,14375,1958
814,11125,1625
815,11250,1583
816,11250,1500
817,11208,1584
818,11208,1583
819,11167,1583
820,11292,1583
821,11250,1583
822,11500,1542
823,11583,1541
824,11125,1791
825,11125,1542
826,11209,1625
827,11208,1500
828,11125,1541
829,11209,1750
830,11209,1583
831,11209,1583
832,11375,1875
833,17250,8500
834,12666,3958
835,12125,3917
836,13417,3958
837,13416,2541
838,12250,4208
839,12125,7917
840,13375,3667
841,13583,2875
842,12167,3792
843,12333,3750
844,13791,6750
845,13542,2708
846,12417,3583
847,12459,3583
848,13792,3917
849,13542,2625
850,12167,3542
851,12292,3584
852,13959,3500
853,13709,2500
854,12791,3583
855,12458,3667
856,13667,3500
857,13417,2584
858,13375,6583
859,12375,3875
860,13500,3416
861,13333,2458
862,12208,3458
863,12333,3500
864,13500,3667
865,13500,2625
866,12541,3583
867,12500,3708
868,13625,3792
869,13291,2584
870,12208,3541
871,12208,3542
872,16375,4041
873,12959,4416
874,12500,4208
875,12875,3625
876,13458,3625
877,13500,2709
878,12500,4875
879,12417,3833
880,13375,3750
881,13416,2625
882,12208,3875
883,12250,3750
884,13500,3667
885,13958,2750
886,12459,3875
887,12375,3542
888,13417,4167
889,13333,2750
890,12375,3458
891,12167,3708
892,13416,3875
893,13042,2458
894,12208,3958
895,12750,3542
896,13458,3500
897,13375,2500
898,12209,6667
899,12083,3666
900,13708,3625
901,13958,2584
902,12041,3708
903,12167,3583
904,13250,3750
905,13375,2916
906,12542,3666
907,28750,3459
908,13208,3709
909,13167,2542
910,12375,3458
911,14417,4125
912,13208,2583
913,12416,3375
914,12250,3708
915,13083,3666
916,14000,2458
917,13250,3500
918,12375,3334
919,13291,3459
920,13583,2667
921,12417,3666
922,12167,3833
923,13333,3583
924,13250,2500
925,12333,3584
926,12375,3625
927,13709,3667
928,13417,2417
929,12208,3833
930,12375,3541
931,13542,3833
932,13041,2500
933,12167,3458
934,12084,3625
935,13333,3667
936,13083,2459
937,12791,4541
938,12208,3541
939,13083,3750
940,13125,2458
941,13042,3625
942,12209,3542
943,13292,3792
944,13125,2542
945,12208,3459
946,12416,3791
947,13708,3708
948,13250,2459
949,12083,3875
950,12500,3542
951,14417,5666
952,12375,4292
953,12708,3833
954,13666,3750
955,13958,2666
956,12500,3875
957,12666,4708
958,12542,3834
959,13167,2625
960,12125,3583
961,12334,3750
962,12416,3584
963,13250,3667
964,13541,2541
965,12334,3958
966,12416,3666
967,13458,3541
968,13708,2459
969,12584,3708
970,13833,4208
971,13625,2584
972,12250,3875
973,12458,3959
974,13333,3666
975,13291,2541
976,13208,3583
977,12375,3542
978,13541,3500
979,13208,2541
980,12208,3541
981,12292,3417
982,12208,3542
983,13125,3458
984,26666,2375
985,12209,3417
986,12250,3500
987,13333,3334
988,13500,2500
989,12625,3417
990,16625,3875
991,13417,2584
992,12375,3458
993,12542,3375
994,13250,3459
995,13292,2625
996,12375,4500
997,12333,3750
998,13875,3666
999,13917,2625
1000,12417,3584
