numberOfIterations,mergeSort,quickSort
1,2122958,2681042
2,1329958,1562042
3,1287583,1720958
4,967250,1528125
5,907042,965792
6,1307583,1418750
7,1306417,1743583
8,1284917,1722292
9,2194166,1768708
10,846625,660167
11,740083,786875
12,871875,952042
13,887416,951875
14,590584,1077709
15,1059458,889167
16,365583,633500
17,341834,648584
18,347833,650167
19,335333,651667
20,354875,642125
21,1304458,644708
22,812167,1727084
23,800500,1683583
24,759709,1683666
25,350333,1680500
26,378667,651875
27,339584,646208
28,355584,648625
29,333875,715125
30,480167,1609708
31,547500,953500
32,481500,966792
33,464291,917875
34,340542,653584
35,359375,637667
36,348791,645459
37,345041,651292
38,328750,1384458
39,359709,656792
40,351417,660042
41,349959,668000
42,323541,733375
43,352625,644792
44,350125,650459
45,427167,687917
46,1084500,639167
47,345084,614041
48,388209,645459
49,336166,643792
50,362125,654208
51,347459,652041
52,362291,677666
53,355875,641125
54,334958,701834
55,824209,2290958
56,783959,1717791
57,793334,1678000
58,787042,1670917
59,763583,1677958
60,759458,1650291
61,782083,1670541
62,790625,1637083
63,797750,1655042
64,344208,1684167
65,351541,646750
66,348208,647333
67,348916,646583
68,350333,634125
69,477000,1671542
70,483666,965333
71,464083,915625
72,462500,943250
73,474500,940958
74,488167,938959
75,567917,977584
76,488417,930750
77,457417,1015375
78,361667,871000
79,341750,644916
80,353750,649583
81,331958,665000
82,343042,652667
83,337500,1544291
84,355583,665833
85,345167,661750
86,373333,665875
87,346833,662250
88,420334,662500
89,337833,698708
90,354416,654500
91,352250,662042
92,361458,652208
93,337584,658666
94,352250,678958
95,340291,647625
96,349875,665209
97,368959,1385125
98,356709,717833
99,355625,654500
100,351791,662125
101,346541,646917
102,357500,662250
103,344542,663500
104,357167,657167
105,353791,766209
106,364000,640917
107,355500,642792
108,336333,654000
109,346042,648083
110,360125,652041
111,801041,2380667
112,781750,1710541
113,770417,1642417
114,805166,1712292
115,794458,1672334
116,769459,1636042
117,769334,1682709
118,766625,1660166
119,761417,1662500
120,337959,1206041
121,355542,646417
122,353333,649417
123,356042,723750
124,337583,648583
125,351792,642416
126,339208,652792
127,366542,644958
128,346208,645542
129,353917,695083
130,1234291,677958
131,467375,902500
132,466000,956375
133,475792,971042
134,466625,913041
135,470833,966584
136,538208,930750
137,471625,924334
138,477083,952417
139,338042,902042
140,352292,652208
141,343500,661458
142,353834,649667
143,348042,650459
144,344875,649250
145,347458,658542
146,329958,720292
147,361584,651750
148,340667,639875
149,356625,678500
150,395625,1541208
151,363333,633000
152,356000,649375
153,342875,654334
154,350417,665834
155,334250,658375
156,346500,652584
157,327875,649250
158,353959,654542
159,349208,670292
160,359125,646542
161,352541,652584
162,360958,648208
163,344958,652916
164,354417,648833
165,363125,649000
166,405625,680208
167,343083,642417
168,339916,649083
169,360334,1544916
170,367584,656167
171,350333,655333
172,338667,667458
173,352709,721250
174,378083,663167
175,354709,648625
176,359209,648083
177,368041,668125
178,333291,657583
179,359959,663000
180,369875,653916
181,390750,705459
182,360334,639625
183,370750,643458
184,351292,661833
185,355750,647708
186,370166,645709
187,344458,646167
188,998792,649542
189,344625,626333
190,352834,641458
191,347042,665625
192,341334,664167
193,341792,761166
194,354958,663834
195,339209,653125
196,356875,657791
197,446917,659375
198,365708,649000
199,352375,661416
200,356291,663292
201,350292,689833
202,347333,644333
203,353667,648666
204,368417,645083
205,344583,644333
206,346208,687333
207,332416,647083
208,358000,1238917
209,349416,651000
210,365375,638750
211,338083,659542
212,367542,658500
213,391250,755958
214,363958,783500
215,344875,673459
216,356916,661292
217,350000,654625
218,355458,649541
219,345583,652042
220,419291,757917
221,987041,1135000
222,347542,859375
223,343667,636792
224,353250,636708
225,348459,655958
226,341375,661291
227,988500,743250
228,349750,636542
229,365250,660166
230,342166,667750
231,366917,648542
232,355667,647375
233,357667,658625
234,342125,644250
235,367625,655208
236,350375,651792
237,577541,688542
238,348333,627042
239,365459,659917
240,352750,636292
241,353042,646125
242,388750,764584
243,334000,625666
244,360375,643334
245,340208,634083
246,350750,646250
247,334166,1366917
248,342375,652958
249,350333,663208
250,349000,723791
251,357834,659042
252,346666,656000
253,359875,658000
254,343000,655916
255,353166,660667
256,351416,735500
257,348458,806208
258,371083,658417
259,356958,662333
260,353458,649750
261,354500,647959
262,342625,652458
263,344209,649750
264,365042,668916
265,340083,655042
266,350500,1206000
267,357958,669708
268,362292,643875
269,352292,644084
270,354792,652791
271,348750,681375
272,360709,674459
273,391958,717125
274,355500,669791
275,338292,673041
276,356916,657542
277,346792,658916
278,368500,638208
279,328917,656792
280,352166,646042
281,396042,669208
282,352250,644250
283,340917,644375
284,435250,724292
285,332791,799708
286,401334,1464875
287,429041,747167
288,408583,820083
289,393125,709125
290,392500,755500
291,415375,749375
292,390292,756875
293,425916,833166
294,622208,785084
295,384458,840667
296,450416,747625
297,406208,831666
298,439583,872375
299,385500,770000
300,485875,1949917
301,351166,613542
302,348500,643458
303,350958,640375
304,352125,635875
305,350000,1221625
306,344208,655083
307,375959,656708
308,342500,653792
309,385333,678458
310,325291,904625
311,359125,641417
312,342791,661250
313,582708,697042
314,334125,1000791
315,372750,648709
316,408583,772458
317,352375,626750
318,332250,662416
319,370375,644375
320,344958,679625
321,365666,674583
322,340166,639500
323,365917,645250
324,869916,694208
325,375833,653792
326,338500,654958
327,372125,670791
328,331334,653833
329,364333,702084
330,353166,646125
331,348375,751625
332,348875,637208
333,347042,677583
334,346625,650500
335,341041,657125
336,353708,639291
337,334959,654959
338,353500,651750
339,342625,648541
340,361708,651958
341,338917,663375
342,340459,648375
343,350833,657166
344,340959,1363334
345,352917,645250
346,341459,770250
347,356208,648125
348,334167,645291
349,352250,680625
350,345041,654292
351,341417,645000
352,357625,642834
353,338833,641792
354,340000,645958
355,338875,640250
356,384959,651750
357,332792,638666
358,344875,650041
359,337334,648375
360,348125,641334
361,342375,659042
362,340083,642209
363,358166,1254792
364,358167,655334
365,370917,679042
366,357958,667041
367,349750,641500
368,346334,643375
369,361208,634708
370,348750,661791
371,389917,641958
372,344667,642667
373,344125,656875
374,348416,646125
375,347750,655042
376,335375,657791
377,343750,645708
378,360291,642375
379,330959,788042
380,336958,667417
381,349209,640959
382,339291,647458
383,357667,1283042
384,372458,715167
385,358208,705958
386,349334,662833
387,353083,650959
388,366500,659250
389,341750,682500
390,354250,649708
391,345333,670833
392,354583,669250
393,334958,660792
394,380875,741208
395,342834,642208
396,365750,664583
397,334333,657875
398,355708,660000
399,334208,653542
400,356583,649750
401,347542,650750
402,347167,1294041
403,339041,655833
404,347250,676833
405,337208,685416
406,348250,661667
407,345250,651584
408,358125,652083
409,407916,649958
410,355458,660958
411,386875,730750
412,368792,702625
413,339125,643542
414,354292,644625
415,334666,653417
416,348708,652292
417,335208,652333
418,351791,645000
419,346375,646875
420,360209,640708
421,1004250,650209
422,351416,647125
423,351750,653042
424,354500,651958
425,341417,762708
426,360125,649209
427,353459,649375
428,352334,655458
429,356625,655583
430,344291,653291
431,353625,653375
432,352666,650042
433,373791,663667
434,339292,644292
435,360209,657458
436,340875,647833
437,348958,644333
438,341000,644166
439,358375,633875
440,361000,642875
441,337708,1356792
442,348042,649041
443,350166,650208
444,361750,649000
445,337208,655417
446,360334,661417
447,348000,667667
448,353083,668666
449,358417,653500
450,343583,649666
451,357583,709208
452,346500,654917
453,367958,649542
454,329667,656000
455,355708,646750
456,340625,652917
457,360125,759291
458,359625,635625
459,355667,647084
460,1017417,639292
461,367750,655000
462,364250,635458
463,356000,645750
464,358709,668667
465,341083,660500
466,360292,648625
467,354333,660959
468,343375,664542
469,351333,644833
470,365459,671209
471,348125,651000
472,418083,685000
473,335292,646250
474,347708,647750
475,338667,650208
476,351875,647792
477,342709,664209
478,355208,643000
479,349750,655584
480,355125,1231250
481,329250,651250
482,347958,655292
483,333583,666709
484,346250,657209
485,338417,657333
486,355125,648791
487,349500,635125
488,357958,651542
489,342750,759291
490,354333,646042
491,347667,657250
492,360042,660167
493,355917,664167
494,347209,650333
495,353458,653125
496,352334,658167
497,369625,648291
498,358250,638167
499,347458,1230917
500,357875,640625
