numberOfIterations,mergeSort,quickSort
1,599334,939375
2,403416,479042
3,525416,465750
4,394250,560667
5,442042,512834
6,400500,388833
7,1391416,135500
8,263292,74250
9,242250,56833
10,239333,53917
11,238958,54375
12,268459,53708
13,245625,55416
14,240584,53791
15,402625,52542
16,369750,124375
17,379875,117625
18,385500,120042
19,371875,114167
20,371167,126500
21,373542,118250
22,400791,125708
23,383292,117917
24,425958,164791
25,394875,121500
26,234125,965125
27,286708,63541
28,231334,56250
29,266500,55583
30,232209,61334
31,231792,54625
32,230375,54542
33,240500,53542
34,274875,125000
35,231916,54209
36,231416,53709
37,230041,54458
38,246875,109375
39,231875,58583
40,320917,66750
41,297083,57916
42,231500,63375
43,230459,55041
44,229917,56458
45,434292,55042
46,374959,122083
47,365292,133125
48,378375,123209
49,387042,120708
50,369834,116834
51,369750,133500
52,389500,126958
53,385125,121292
54,359125,119750
55,362000,131041
56,391875,117000
57,386334,117958
58,401500,114291
59,409709,156709
60,383208,120917
61,384208,120750
62,363708,126458
63,379625,132250
64,396791,125833
65,369083,124417
66,372500,132375
67,414167,118375
68,410959,126375
69,417000,130250
70,415416,150750
71,413250,138500
72,413208,131334
73,387791,136292
74,405042,140250
75,420416,135958
76,437666,141916
77,1203166,154416
78,231750,56041
79,230959,57166
80,233792,55000
81,234792,55500
82,233208,55042
83,242667,120375
84,233292,54417
85,230250,55458
86,234541,55542
87,233250,55333
88,230166,53458
89,231375,56125
90,231458,53292
91,231083,58500
92,235458,55084
93,229875,55042
94,308208,54958
95,230875,54042
96,320083,56000
97,291209,130250
98,102750,111958
99,143125,73958
100,149375,58417
