numberOfIterations,mergeSort,quickSort
1,518583,24751959
2,277167,9582375
3,279958,19258708
4,264458,12312250
5,229500,10266625
6,269667,10026375
7,396541,25748334
8,181500,15412542
9,75542,13532250
10,80375,9720333
11,76250,9865375
12,74958,10374417
13,83833,9724041
14,95125,11637750
15,206166,22485041
16,100500,18110916
17,196042,20257459
18,77625,20625625
19,185500,10168583
20,79375,9470500
21,79458,10393042
22,76584,9658458
23,81209,10504542
24,78500,10616292
25,74792,9436667
26,77000,10842417
27,78417,9081125
28,75250,9218375
29,101417,10846667
30,73709,9298250
31,78584,10938875
32,98750,9118791
33,79375,10260292
34,91875,9906250
35,74791,9541292
36,75500,10686792
37,96250,8771209
38,75042,10790792
39,68417,10164333
40,93250,9407292
41,78333,10188792
42,112459,9792500
43,72167,10040542
44,84667,10009625
45,71459,9894958
46,77375,10553542
47,157875,10015667
48,74959,9474958
49,74875,10798167
50,102625,8815708
51,80709,11014375
52,92250,9931291
53,83458,8981542
54,79458,10507167
55,71333,8686458
56,78459,10741875
57,102375,9502458
58,79375,10211292
59,73750,10200208
60,75292,8796709
61,76750,11218209
62,96000,12295083
63,114833,10269417
64,89459,12647291
65,114458,11776875
66,90708,9023042
67,88334,11946250
68,86167,12901041
69,102792,9806416
70,78542,12041834
71,77834,11323959
72,98167,11644083
73,73667,10244000
74,84500,13145083
75,119709,11540959
76,73417,10449041
77,77792,12440542
78,74625,12051042
79,117042,9502667
80,84208,11817000
81,82583,12834291
82,149000,10180083
83,79083,12000125
84,78125,12885000
85,131584,11562417
86,87292,10105875
87,120250,11461750
88,88000,11916583
89,77292,9570416
90,74291,12224500
91,74041,11291958
92,80875,9448416
93,79250,12209792
94,98833,11032917
95,127542,11883208
96,93500,11568167
97,91125,12957291
98,119208,10799417
99,101500,11316542
100,82583,11565333
