numberOfIterations,mergeSort,quickSort
1,612375,2817625
2,261083,1805291
3,486292,1594834
4,1139667,1727416
5,309542,568416
6,246167,811542
7,349792,939666
8,396750,1653167
9,382208,1647084
10,380167,1612375
11,398084,1622750
12,419167,1838833
13,240334,1421917
14,233167,809000
15,252375,709791
16,264416,996250
17,308083,959958
18,268708,883333
19,229250,924583
20,260458,940208
21,237250,1318541
22,240333,681792
23,234292,624625
24,238791,791125
25,241042,822417
26,237834,864250
27,228459,738709
28,241291,606958
29,388625,2505459
30,222417,1611417
31,199167,1605250
32,181583,1650666
33,201584,1577625
34,209250,1657084
35,192417,1628125
36,189875,1610583
37,131125,1693459
38,112500,877292
39,83792,838584
40,78042,612625
41,88375,653084
42,83292,1774833
43,121959,1049500
44,237083,1055083
45,235125,1174625
46,159166,1032666
47,134459,1329667
48,245541,1587959
49,252666,2231291
50,184458,2121417
51,74667,796084
52,73875,584833
53,74541,612583
54,74667,588541
55,74125,592459
56,80959,1294500
57,77250,608084
58,74750,616250
59,105625,633333
60,74292,675041
61,258708,1224625
62,88541,995750
63,90167,777000
64,104417,732500
65,132292,821792
66,135917,1125458
67,98250,737167
68,82166,637875
69,75458,1313917
70,74417,576000
71,77500,606583
72,73917,604625
73,76083,604584
74,77708,609584
75,74958,644458
76,107917,664417
77,73291,702792
78,74792,650500
79,76500,600042
80,120167,686834
81,99209,843292
82,95458,914666
83,264500,3182917
84,210750,1689125
85,185542,1673333
86,243750,1606834
87,196167,1695958
88,202000,1760667
89,211334,1737416
90,211167,1870000
91,196334,1820792
92,197041,1641417
93,83584,941916
94,85292,713208
95,100917,765166
96,80125,591750
97,77541,620541
98,105208,837375
99,93542,714917
100,89875,701166
