numberOfIterations,mergeSort,quickSort
1,587208,527750
2,399917,348417
3,389292,344000
4,422250,334875
5,1320291,378208
6,249459,136500
7,245208,66417
8,241084,71334
9,242709,70916
10,239583,117292
11,424292,74792
12,384125,198209
13,413708,204958
14,383917,223084
15,376459,199166
16,375959,201584
17,383209,203583
18,424458,208833
19,948000,254458
20,228375,70500
21,227125,73584
22,230500,70042
23,226792,75666
24,230125,91000
25,278041,228333
26,248666,136333
27,249750,138583
28,248333,126375
29,259667,149417
30,263542,148084
31,267292,123791
32,322417,136750
33,339917,131542
34,373208,256792
35,371666,216417
36,455917,232917
37,395875,210208
38,372625,197291
39,381917,196458
40,377667,206250
41,376958,205792
42,368917,193250
43,382250,199667
44,374791,200333
45,357459,207834
46,370042,205666
47,379084,211959
48,362042,209833
49,383791,205458
50,443667,227917
51,363333,263542
52,370667,210000
53,368167,208541
54,363458,201208
55,360542,198666
56,382792,209833
57,273500,866958
58,235916,80000
59,236167,77000
60,234209,84875
61,227458,70250
62,290333,74625
63,226625,128083
64,228875,85625
65,232125,84292
66,234167,75458
67,235375,98583
68,234333,93916
69,322417,97167
70,228958,76084
71,337500,76833
72,168042,81083
73,138542,71667
74,75584,80750
75,91917,78875
76,117083,158709
77,98792,130292
78,98709,121834
79,101083,119959
80,108417,112000
81,108333,107000
82,112042,113084
83,113084,104750
84,113125,99167
85,115041,101834
86,123875,98292
87,133292,100375
88,78334,87291
89,115625,111916
90,111916,108833
91,132125,110333
92,105500,130125
93,107250,126042
94,113875,110708
95,97750,824959
96,105208,90458
97,98791,93500
98,99000,85792
99,102542,101833
100,86000,74917
