numberOfIterations,mergeSort,quickSort
1,53921208,114826459
2,33866334,82582500
3,31879750,63416750
4,31828500,63124792
5,32215166,64777167
6,31484334,65232542
7,34714833,72494417
8,34518792,72027666
9,33514250,72834000
10,32841334,65315208
11,33123834,70988625
12,32619666,66848083
13,31720542,64684833
14,31085666,65178125
15,31434625,65344833
16,31346291,65916292
17,31285667,64566667
18,32241792,64500875
19,36093875,92346584
20,31671625,68279583
21,31382417,65408333
22,31211375,63698000
23,31054500,63564667
24,31166666,63959500
25,32974167,65397333
26,33225500,67786625
27,32597833,67013375
28,31639250,65109375
29,31786375,70472708
30,32905375,67241709
31,31634209,66809667
32,31545333,64173542
33,31496959,63796416
34,31771792,62795750
35,31235167,63253291
36,30969500,64211667
37,31158208,64399042
38,31201667,64503542
39,37505375,68013458
40,35735208,75332375
41,35091250,74349042
42,32782125,67157042
43,32805625,67570459
44,31852042,67319500
45,32341833,68755500
46,32220791,69028292
47,32982750,65655750
48,31608625,64716083
49,32777000,65157708
50,32348542,67204208
51,32896875,69405709
52,32585291,69308875
53,32355334,67151083
54,31759875,66714083
55,32483709,65955791
56,32095583,66844875
57,31286750,62709334
58,31962417,64882833
59,31875291,80028792
60,31772250,67080125
61,33014375,67539542
62,33976583,70386750
63,33103166,67824291
64,31634041,64093167
65,30955000,62949917
66,31016292,63597666
67,32047333,65325042
68,31638417,65835458
69,32595417,65186667
70,32332625,67000709
71,32257916,63828042
72,31710917,64427959
73,31081584,64548458
74,32029250,64359666
75,32842333,67499500
76,32971833,67439584
77,32156041,65267292
78,35185333,63959792
79,32551083,67431625
80,31346459,65402750
81,33859083,66303208
82,32961959,66976000
83,31552458,67443667
84,31798208,64455875
85,31677000,63457958
86,31333833,63047083
87,30880125,62126292
88,30857167,64472666
89,31042291,64211875
90,31255250,64254750
91,31634792,63959625
92,32910084,66113833
93,32713250,66537416
94,31122458,64914708
95,31360583,63841958
96,32452667,66356084
97,32476500,67328791
98,31937417,66587125
99,33073083,64085667
100,32157417,67867417
