numberOfIterations,mergeSort,heapSort
1,11000917,11078792
2,3779542,6342125
3,1992041,6257333
4,1912500,5666541
5,2078958,5522375
6,2221833,5520125
7,2291042,5470125
8,2399208,5601292
9,2335333,5450833
10,2690958,5429000
11,2534334,5451459
12,2528958,5437667
13,2601042,5419125
14,2543042,5420084
15,2555208,5420667
16,2627209,5417875
17,2893625,5431875
18,1849167,5653625
19,1854625,5425250
20,1894125,5427291
21,1854583,5446417
22,1851291,5421417
23,1861083,5432791
24,1850750,5428042
25,2061958,5438208
26,1967083,5418375
27,2011625,5425917
28,1954583,5425125
29,2011166,5420834
30,1964000,5419833
31,2034542,5423500
32,2891958,5425333
33,1845708,5417959
34,1849208,5421584
35,1851208,5418625
36,1843375,5417125
37,1846750,5419291
38,1847875,5435458
39,1853667,5422542
40,1857291,5420917
41,1846166,5416916
42,1846583,5416834
43,1850083,5419416
44,1844417,5422209
45,1848000,5421958
46,1876167,5423625
47,3046458,5418666
48,1847500,5413875
49,1898208,5427542
50,1877541,5430750
51,1845625,5417542
52,1852791,5430500
53,1850250,5418709
54,1848417,5421750
55,1845083,5418959
56,1848541,5424458
57,1846542,5427375
58,1851959,5420708
59,1844583,5425291
60,1848291,5422917
61,2232666,5425417
62,2851875,5422042
63,1861042,5418792
64,1852042,5429917
65,1848000,5424083
66,1846708,5419708
67,1851125,5424834
68,1845292,5426500
69,1846667,5425500
70,1847083,5423291
71,1848541,5426875
72,1845375,5423291
73,1852375,5421250
74,1846583,5420334
75,1845291,5427750
76,1850500,5424583
77,2954583,5435292
78,1856084,5417167
79,1849208,5432458
80,1850792,5419625
81,1851625,5420167
82,1849750,5418875
83,1840917,5428333
84,1852875,5427458
85,1849541,5418375
86,1850083,5425625
87,1852166,5421417
88,1848625,5420625
89,1850333,5421500
90,1909750,5425625
91,1989209,5424833
92,2883000,5421125
93,1846333,5425084
94,1847458,5425250
95,1848333,5425916
96,1849250,5418791
97,1851917,5420833
98,1846208,5421917
99,1846375,5425584
100,1851042,5427167
101,1846375,5422125
102,1844917,5425875
103,1885458,5416042
104,1842583,5422500
105,1850833,5426792
106,1860291,5425458
107,2829583,5425625
108,1850125,5426292
109,1849375,5423916
110,1850042,5423125
111,1851959,5425750
112,1846583,5419125
113,1851166,5423459
114,1848042,5424917
115,1847084,5423959
116,1845000,5423750
117,1846917,5426041
118,1856584,5420083
119,1844250,5423916
120,1973084,5430416
121,1958375,5418541
122,2936667,5419459
123,1849000,5436583
124,1846333,5426417
125,1849667,5424625
126,1849500,5425541
127,1851875,5424791
128,1845625,5424750
129,1850959,5433291
130,1852958,5417542
131,1850583,5427667
132,1851209,5422250
133,1850167,5424417
134,1850583,5455000
135,1849041,5433792
136,1841875,5422583
137,3312334,5414625
138,2495500,5409792
139,2496833,5430166
140,2515833,5426875
141,2508666,5425666
142,2294000,5429875
143,1841292,5423250
144,1850167,5425458
145,1849125,5418250
146,1851084,5414583
147,1847833,5426667
148,1843875,5417958
149,1853833,5427791
150,1846917,5436458
151,1844875,5421708
152,1846375,5424875
153,1979125,5440792
154,1849292,5429459
155,2958000,5422792
156,1968750,5429417
157,1995292,5422667
158,1978667,5421292
159,2012042,5460667
160,1971208,5452708
161,1848208,5419500
162,1845250,5422583
163,1849834,5422416
164,1843833,5428000
165,1848666,5423834
166,1853083,5433083
167,1855708,5487708
168,1848292,5419958
169,1853167,5425167
170,1850917,5414166
171,1858625,5419500
172,1849208,5446917
173,1847334,5423167
174,2837833,5417083
175,1847584,5417041
176,1848167,5428250
177,1846791,5426500
178,1853500,5417750
179,1849792,5421250
180,1850709,5426000
181,1847542,5422625
182,1845625,5417125
183,1848000,5424959
184,1849875,5423959
185,1854625,5416959
186,1843791,5423042
187,1843000,5423417
188,1847500,5422625
189,1846791,5421708
190,1844375,5415333
191,1847500,5422583
192,2798042,5427416
193,1855334,5442458
194,1856500,5418583
195,1858500,5429916
196,1847250,5421958
197,1850250,5421041
198,1847000,5425709
199,1858708,5417083
200,1850000,5423125
201,1850042,5428625
202,1848458,5416208
203,1852292,5418375
204,1851375,5413916
205,1849709,5428125
206,1848875,5420458
207,1850541,5421042
208,1848417,5419250
209,1850333,5440166
210,1854500,5423167
211,2849458,5417417
212,1848666,5421125
213,1862708,5421000
214,1857167,5419833
215,1857083,5415792
216,1847875,5420208
217,1852292,5420125
218,1850000,5414709
219,1853208,5413584
220,1843833,5418959
221,1846250,5421458
222,1847875,5420083
223,1849708,5420750
224,1851583,5431458
225,1850666,5425250
226,1851750,5417208
227,1860958,5419958
228,1862333,5684792
229,3062667,5457833
230,1843625,5468291
231,1852458,5434625
232,1852875,5427875
233,1857625,5431542
234,1852042,5422250
235,1853500,5422458
236,1859834,5425417
237,1855541,5443958
238,1854542,5425666
239,1848417,5430500
240,1847958,5414833
241,1846917,5418167
242,1847791,5420208
243,1847750,5420083
244,1846667,5416041
245,1847708,5424125
246,1844625,5423167
247,1856583,5420500
248,2435166,5420042
249,1855084,5416666
250,1866083,5431500
251,1853208,5426084
252,1862709,5421125
253,1853375,5433750
254,1846500,5422916
255,1856416,5426083
256,1855750,5433708
257,1857500,5432291
258,1848959,5440958
259,1852167,5442125
260,1854334,5428750
261,1848167,5435375
262,1846834,5438292
263,1851042,5495625
264,1846750,5444125
265,1851875,5431416
266,2300917,5420084
267,1854625,5422333
268,1885375,5425333
269,1861958,5428500
270,1843125,5425083
271,1876500,5512250
272,1848625,5464292
273,1857959,5423959
274,1853750,5416083
275,1851041,5435792
276,1858583,5434167
277,1860625,5419875
278,1857833,5421583
279,1859000,5431792
280,1854125,5425875
281,1867125,5424000
282,1849792,5424500
283,1861959,5427583
284,1851125,5417917
285,2433791,5417916
286,1861916,5421291
287,1869333,5435125
288,1857667,5435417
289,1865209,5420417
290,1870958,5611333
291,1856584,5447000
292,1875250,5442125
293,1865875,5427291
294,1855667,5443667
295,1862000,5444208
296,1866666,5425000
297,1854917,5427250
298,1851000,5431750
299,1855375,5423792
300,1863708,5417959
301,1858000,5420209
302,1891917,5425958
303,2414541,5429541
304,1856167,5427500
305,1864917,5429250
306,1864125,5428042
307,1859084,5419666
308,1851083,5421250
309,1855375,5426292
310,1864250,5437667
311,1856834,5428083
312,1848625,5420542
313,1861667,5423500
314,1863458,5418250
315,1918083,5423792
316,1869167,5619334
317,1847916,5428334
318,1851500,5424834
319,1852083,5426083
320,1850167,5427875
321,2363959,5429208
322,1852292,5428666
323,1842209,5430917
324,1848875,5426917
325,1866042,5416708
326,1863083,5419875
327,1869084,5424458
328,1881208,5422833
329,1866500,5417584
330,1878334,5431625
331,1876959,5416166
332,1864458,5427542
333,1859792,5419000
334,1864250,5422500
335,1885458,5427209
336,1874583,5428625
337,1869625,5439042
338,1872792,5439750
339,1857333,5420375
340,2381084,5421875
341,1875708,5415292
342,1867834,5439000
343,1877750,5446541
344,1875958,5416792
345,1862000,5415958
346,1878333,5429583
347,1862041,5423875
348,1878875,5436375
349,1890209,5434375
350,1881042,5428916
351,1879417,5432209
352,1878583,5424500
353,1869958,5431042
354,1863958,5427334
355,1885042,5426416
356,1887750,5425041
357,1859166,5433125
358,2315000,5460084
359,1869125,5434459
360,1888334,5426666
361,1855959,5440417
362,1870042,5418209
363,1872667,5426958
364,1868791,5434125
365,1874708,5418875
366,1870875,5422708
367,1888333,5434459
368,1873084,5441375
369,1878750,5417750
370,1874750,5420791
371,1867375,5428083
372,1878292,5439250
373,1857958,5422250
374,1880875,5428750
375,1852667,5426209
376,1889542,5421333
377,2419833,5420333
378,1855541,5417500
379,1863834,5423416
380,1876958,5439750
381,1866333,5427708
382,1862667,5419375
383,1858792,5442250
384,1916542,5574125
385,1883125,5486959
386,1863250,5440375
387,1859875,5436458
388,1853625,5431292
389,1857000,5427083
390,1876875,5437791
391,1857583,5429208
392,1849084,5437417
393,1860834,5422000
394,1864625,5433125
395,2429333,5424084
396,1867583,5419750
397,1862292,5441250
398,1865458,5425000
399,1870750,5422500
400,1864375,5429333
401,1852708,5425750
402,1857875,5420959
403,1847417,5421333
404,1852167,5420292
405,1865750,5442375
406,1876917,5428667
407,1877834,5420167
408,1864958,5423041
409,1872834,5424416
410,1857375,5422750
411,1973041,5575583
412,1864292,5459417
413,1845000,5440291
414,2371084,5436625
415,1849667,5425042
416,1863000,5434500
417,1854208,5423292
418,1848916,5439792
419,1856084,5420334
420,1861458,5419334
421,1866625,5457125
422,1857042,5419667
423,1879041,5422916
424,1864250,5447334
425,1861667,5429667
426,1971625,5631292
427,1890334,5657458
428,1885292,5428375
429,1856084,5423666
430,1860542,5438417
431,1862333,5423208
432,2433709,5421917
433,1860916,5438667
434,1877250,5423250
435,1883791,5420834
436,1869791,5419416
437,1894291,5440333
438,1862833,5441208
439,1884500,5421791
440,1874583,5431542
441,1879000,5426167
442,1879000,5433875
443,1871833,5419083
444,1862916,5419167
445,1867333,5426500
446,1871667,5434167
447,1862292,5430375
448,1874958,5428750
449,1867959,5440667
450,1876458,5434584
451,2452708,5419833
452,1855250,5417791
453,1861583,5430542
454,1865417,5423375
455,1884292,5434334
456,1867875,5423709
457,1869625,5419875
458,1858709,5450250
459,1868708,5421708
460,1876959,5418833
461,1859625,5417708
462,1869708,5435292
463,1879209,5423875
464,1866333,5421375
465,1880708,5442417
466,1883208,5422375
467,1861291,5421792
468,1871500,5419958
469,2333000,5442833
470,1866875,5431041
471,1859458,5431666
472,1862250,5428959
473,1915917,5424666
474,1877292,5441375
475,1864417,5453541
476,1856625,5421916
477,1864083,5415958
478,1866500,5440875
479,1870292,5435375
480,1869792,5425041
481,1863500,5434625
482,1880833,5422625
483,1877708,5434042
484,1884125,5418875
485,1860333,5436167
486,1863208,5431500
487,1863250,5439208
488,2479875,5420417
489,1863542,5415084
490,1886500,5441041
491,1865167,5426084
492,1868334,5420791
493,1875208,5423166
494,1885917,5433792
495,1869958,5433542
496,1872167,5417625
497,1867167,5453375
498,1883917,5430708
499,1877375,5440000
500,1882667,5420333
501,1868417,5434708
502,1862958,5419792
503,1870042,5422208
504,1861084,5418875
505,1859917,5424041
506,2330250,5425041
507,1869958,5426292
508,1866750,5424333
509,1892542,5438875
510,1891292,5423208
511,1868625,5460792
512,1866208,5448625
513,1866375,5423292
514,1860959,5422833
515,1874917,5426000
516,1866916,5430166
517,1877417,5415167
518,1876958,5420250
519,1865833,5419083
520,1859083,5435166
521,1883083,5419209
522,1872167,5419167
523,1867083,5433833
524,2404667,5422875
525,1862708,5420208
526,1861250,5432709
527,1880750,5418542
528,1873750,5431791
529,1870208,5436708
530,1888709,5427541
531,1873542,5426666
532,1863083,5418000
533,1877625,5426167
534,1867500,5436083
535,1873792,5424708
536,1870625,5420208
537,1866125,5430833
538,1870542,5429291
539,1864167,5421083
540,1875708,5430625
541,1868333,5425000
542,1886083,5415834
543,2391583,5414291
544,1870750,5431792
545,1875000,5432375
546,1874083,5429708
547,1884334,5419416
548,1857417,5422333
549,1885208,5426167
550,1883458,5443958
551,1860875,5420584
552,1868083,5424834
553,1865250,5432416
554,1893417,5420667
555,1869333,5422417
556,1877167,5422083
557,1883125,5422041
558,1864459,5418000
559,1874917,5418709
560,1873208,5419625
561,2349209,5426625
562,1882250,5422250
563,1909500,5509833
564,1873750,5441666
565,1890084,5438250
566,1867584,5425417
567,1877042,5414000
568,1873750,5431375
569,1878375,5419041
570,1870209,5419416
571,1861666,5437583
572,1873042,5419167
573,1871958,5419625
574,1883458,5426000
575,1894708,5430292
576,1874084,5450875
577,1886334,5433791
578,1866875,5419250
579,1858209,5437000
580,2355958,5433500
581,1857042,5417375
582,1863500,5424041
583,1864875,5429709
584,1887209,5420917
585,1869166,5424542
586,1874750,5422041
587,1882584,5416375
588,1869333,5424917
589,1867208,5425042
590,1869125,5425167
591,1865375,5424500
592,1875958,5412833
593,1878917,5425666
594,1860208,5421959
595,1884291,5419459
596,1862917,5420459
597,1862792,5440708
598,2365166,5439167
599,1866000,5422083
600,1886250,5428042
601,1883625,5436666
602,1874625,5421417
603,1877791,5424334
604,1873875,5423042
605,1866125,5416416
606,1863000,5423625
607,1862875,5420708
608,2036125,5813125
609,1854500,5720000
610,1859833,5432208
611,1845250,5474875
612,1852208,5420292
613,1851208,5455834
614,1850583,5424334
615,1850750,5427167
616,1850500,5420958
617,2394417,5416875
618,1866916,5416833
619,1863416,5429167
620,1860000,5460500
621,1887625,5438667
622,1865958,5435500
623,1860750,5425375
624,1863375,5417917
625,1855791,5419459
626,1858500,5431625
627,1853167,5428875
628,1866583,5420208
629,1855917,5420042
630,1903625,5425000
631,1857625,5418708
632,1883667,5423750
633,1850542,5423084
634,1860458,5439792
635,2348584,5418291
636,1852625,5421417
637,1861042,5441125
638,1846000,5434542
639,1851167,5430750
640,1853958,5433250
641,1857833,5429291
642,1865417,5433667
643,1857125,5420958
644,1858208,5437750
645,1861625,5424833
646,1865417,5415708
647,1856833,5418667
648,1868792,5428709
649,1862250,5432167
650,1867167,5421125
651,1872625,5420375
652,1865000,5416625
653,1856833,5438375
654,2410708,5420833
655,1849291,5413417
656,1848417,5424333
657,1856709,5425292
658,1859542,5418125
659,1861459,5423667
660,1848916,5422917
661,1845625,5420625
662,1852542,5415750
663,1850708,5425208
664,1851667,5421042
665,1846625,5421875
666,1842875,5419916
667,1848666,5419584
668,1851959,5422250
669,1864167,5417416
670,1859958,5419375
671,1862375,5420750
672,2379125,5414208
673,1848750,5436750
674,1846875,5418750
675,1863542,5422208
676,1866292,5418917
677,1856625,5416958
678,1851083,5423666
679,1854000,5416708
680,1860125,5420792
681,1857833,5440959
682,1863792,5426291
683,1862875,5417208
684,1859292,5434459
685,1861792,5421542
686,1894750,5449458
687,1875167,5420417
688,1859667,5419209
689,1865458,5428833
690,2390375,5422458
691,1871167,5429875
692,1876708,5433042
693,1869375,5429042
694,1852917,5421875
695,1852333,5417625
696,1867708,5432875
697,1863125,5416250
698,1876750,5414333
699,1873583,5426167
700,1932958,5675000
701,1868667,5417083
702,1894333,5419250
703,1872167,5428750
704,1859625,5436333
705,1862709,5419958
706,1864333,5425667
707,1873708,5417708
708,1882917,5420500
709,2402583,5419042
710,1867292,5416500
711,1854500,5438208
712,1872500,5425250
713,1866958,5424792
714,1868750,5417459
715,1867208,5422583
716,1869959,5450209
717,1871583,5415709
718,1869458,5433958
719,1874500,5425375
720,1861250,5419583
721,1871458,5423167
722,1870459,5414875
723,1886667,5431416
724,1870042,5415458
725,1879292,5418666
726,1879292,5435041
727,2407500,5440459
728,1872167,5421125
729,1895250,5437084
730,1866458,5437042
731,1883375,5419083
732,1866750,5427334
733,1867375,5430542
734,1866542,5413542
735,1868542,5417833
736,1864250,5419500
737,1865292,5418750
738,1877542,5417500
739,1869709,5418708
740,1865667,5433916
741,1881209,5479084
742,1862875,5420334
743,1871708,5421583
744,1854791,5418708
745,1882916,5438625
746,2357583,5432166
747,1862709,5427584
748,1862417,5423708
749,1862500,5418416
750,1872375,5417250
751,1862916,5422333
752,1863083,5436708
753,1864042,5436292
754,1878000,5421291
755,1878500,5426541
756,1878666,5426417
757,1884750,5421667
758,1854917,5425750
759,1877750,5432917
760,1886416,5423833
761,1874625,5429916
762,1868583,5424417
763,1873791,5422042
764,2468958,5424500
765,1860833,5427167
766,1874916,5428084
767,1901875,5440625
768,1871875,5419000
769,1887291,5426042
770,1864834,5425959
771,1875125,5427000
772,1878083,5420375
773,1876292,5434417
774,1873416,5443166
775,1864959,5417833
776,1886042,5425292
777,1876667,5423875
778,1877333,5440458
779,1871209,5416875
780,1862625,5422541
781,1873083,5426833
782,1881625,5435875
783,2425375,5417250
784,1863625,5413500
785,1891917,5423125
786,1871125,5439083
787,1866875,5430625
788,1855333,5419042
789,1866792,5423625
790,1875000,5429000
791,1870334,5414458
792,1879542,5455042
793,1896084,5441958
794,1866250,5428042
795,1879209,5416709
796,1872875,5426625
797,1865541,5438750
798,1869792,5415791
799,1877125,5417916
800,1882250,5429583
801,2300875,5424542
802,1859875,5420458
803,1863125,5418791
804,1869500,5420750
805,1875000,5428917
806,1869916,5422959
807,1874125,5427917
808,1885291,5419958
809,1882542,5418625
810,1866667,5425291
811,1877292,5425666
812,1867417,5416708
813,1865958,5420000
814,1883875,5480625
815,1858625,5436125
816,1868125,5422792
817,1861625,5427041
818,1863916,5429291
819,1886250,5439833
820,2434875,5418708
821,1867541,5421875
822,1874125,5430458
823,1904167,5440166
824,1896833,5423708
825,1864500,5420625
826,1859167,5418791
827,1856042,5431458
828,1865667,5422584
829,1855583,5419459
830,1864167,5426083
831,1861167,5424333
832,1868041,5432667
833,1868250,5436083
834,1862417,5428250
835,1894541,5421417
836,1880208,5421083
837,1869708,5612000
838,2354541,5434166
839,1866917,5424709
840,1894375,5430834
841,1890292,5427458
842,1874375,5423125
843,1857917,5446500
844,1862250,5425500
845,1924250,5427917
846,1874541,5423708
847,1872125,5417250
848,1904458,5454334
849,1881083,5418667
850,1863709,5415875
851,1864416,5470458
852,1869417,5423167
853,1873708,5474292
854,1876458,5417125
855,1861667,5495500
856,1860458,5453292
857,2436500,5420459
858,1860584,5421167
859,1883875,5451542
860,1843791,5436166
861,1846625,5454375
862,1849708,5483000
863,1852209,5416791
864,1859084,5578792
865,1850958,5490292
866,1867333,5442375
867,1878875,5476584
868,1881292,5441000
869,1849292,5452625
870,1850500,5459542
871,1863792,5480625
872,1848833,5450750
873,1849333,5449917
874,1847834,5472792
875,2290959,5493083
876,1860458,5532167
877,1865958,5460250
878,1942000,5421667
879,2271875,5445375
880,2176125,5460083
881,1846209,5423125
882,1853083,5456083
883,1847125,5418875
884,1848667,5417041
885,1845041,5418292
886,1850000,5417458
887,1930208,5426834
888,1877875,5549583
889,1876458,5424667
890,1893709,5435375
891,1846292,5430750
892,1842292,5480708
893,2349167,5489416
894,1850583,5494959
895,1845625,5448416
896,1843542,5477375
897,1880583,5416708
898,1878625,5444792
899,1844125,5424750
900,1892583,5432417
901,1850208,5436292
902,1848709,5451625
903,1849250,5494625
904,1856042,5490125
905,1852833,5475875
906,1865833,5462083
907,1877667,5455458
908,1865334,5425209
909,1884667,5457833
910,1846333,5447292
911,1855291,5431167
912,2350042,5465083
913,1851292,5510125
914,1854875,5448792
915,1873208,5458667
916,1855416,5481959
917,1866334,5431500
918,1865625,5480750
919,1929541,5454667
920,1891792,5457709
921,1901833,5517917
922,1847250,5475708
923,1858625,5458709
924,1847250,5481167
925,1847041,5461583
926,1853750,5477041
927,1860709,5460958
928,1869291,5456500
929,1878042,5463292
930,2438125,5433875
931,1893875,5427250
932,1847708,5448750
933,1867042,5458500
934,1852417,5490958
935,1857708,5521500
936,1859417,5540583
937,1846750,5474291
938,1852209,5487208
939,1864875,5446125
940,1897875,5422417
941,1843125,5429791
942,1884709,5439167
943,1849958,5455000
944,1854000,5461042
945,1850917,5471209
946,1852833,5457709
947,1848292,5485417
948,1866125,5458916
949,2449375,5433125
950,1883333,5457000
951,1845958,5430917
952,1885125,5439042
953,1849292,5448584
954,1854792,5440458
955,1850000,5484083
956,1854375,5475167
957,1858959,5467416
958,1884334,5447625
959,1865958,5420708
960,1876917,5450834
961,1898625,5442833
962,1884459,5442000
963,1843000,5481333
964,1858333,5440167
965,1847625,5513750
966,1871416,5597708
967,2243000,5486167
968,1847791,5507500
969,1847084,5492958
970,1877708,5474875
971,1888334,5426750
972,1894250,5473083
973,1867750,5643209
974,1866209,5462875
975,1861667,5479875
976,1863250,5473416
977,1845250,5496208
978,1850750,5468542
979,1850917,5486375
980,1846333,5479750
981,1889583,5430792
982,1886791,5425667
983,1853875,5418541
984,1848958,5443834
985,1844750,5470125
986,2427750,5462041
987,1848750,5449333
988,1857875,5489917
989,1849083,5481625
990,1868625,5457125
991,1876583,5458416
992,1857875,5417792
993,1888042,5435000
994,1856708,5435458
995,1850375,5477791
996,1853833,5512708
997,1846458,5478166
998,1844291,5449875
999,1848166,5472542
