197
240
199
78
155
78
304
117
98
297
164
274
232
298
198
293
425
226
327
318
443
350
347
393
491
253
273
486
486
320
466
538
532
287
496
447
573
425
452
404
524
567
504
416
558
640
427
563
565
463
563
586
684
696
616
744
599
663
611
622
587
640
697
595
706
610
808
664
720
809
866
778
886
915
917
906
949
864
912
880
784
982
944
836
870
894
979
937
990
858
815
950
910
1040
1067
948
903
1115
928
1082
1081
1026
1039
1124
1251
1037
1155
1260
1063
1208
1154
1217
1316
1332
1185
1114
1125
1188
1322
1398
1419
1172
1338
1254
1409
1256
1380
1364
1303
1250
1403
1373
1397
1354
1334
1288
1434
1361
1500
1308
1295
1515
1508
1484
1393
1319
1564
1530
1376
1427
1378
1611
1413
1648
1582
1435
1617
1547
1586
1515
1604
1530
1718
1594
1754
1573
1658
1619
1541
1567
1659
1582
1540
1603
1571
1767
1805
1774
1703
1725
1734
1806
1802
1835
1839
1865
1797
1919
1965
1958
1948
1864
1823
1902
2062
1860
1914
2149
2049
2145
1980
1948
1956
2129
2185
2159
2223
2204
2250
2192
2108
2241
2324
2145
2167
2322
2180
2212
2317
2237
2402
2352
2174
2302
2379
2482
2395
2357
2314
2509
2460
2429
2427
2588
2376
2453
2435
2568
2428
2432
2555
2465
2636
2635
2500
2542
2564
2645
2536
2548
2597
2678
2709
2682
2510
2661
2681
2711
2645
2709
2507
2542
2621
2695
2591
2666
2714
2685
2638
2642
2737
2819
2861
2727
2687
2829
2798
2750
2913
2893
2708
2854
2863
2961
2886
2773
2982
2996
2892
3026
2848
3001
2975
3062
3096
3031
3131
2917
3068
2943
2968
3028
3158
3002
3119
3007
3080
3216
3110
3255
3126
3185
3308
3269
3176
3281
3278
3165
3241
3400
3168
3381
3394
3336
3246
3419
3310
3333
3320
3332
3257
3452
3443
3355
3341
3371
3480
3467
3354
3425
3360
3547
3428
3603
3499
3440
3435
3513
3615
3544
3530
3566
3453
3667
3452
3458
3636
3611
3608
3766
3625
3655
3726
3671
3580
3711
3702
3809
3711
3646
3733
3817
3682
3769
3703
3921
3715
3813
3961
3944
3777
3862
4011
3923
4012
4026
3910
4004
3985
3955
4162
3954
3985
4091
4088
4091
4067
4254
4100
4075
4166
4219
4053
4241
4230
4047
4162
4094
4269
4346
4357
4264
4317
4369
4257
4307
4372
4231
4177
4407
4326
4272
4346
4345
4410
4290
4418
4346
4338
4501
4506
4337
4457
4523
4350
4461
4436
4473
4536
4363
4499
4376
4609
4545
4578
4425
4454
4493
4564
4473
4538
4480
4601
4641
4464
4635
4481
4515
4591
4657
4694
4711
4664
4835
4781
4835
4866
4797
4722
4826
4846
4927
4758
4737
4790
4747
4778
4958
4891
4832
4870
4939
4985
4931
4926
4844
4878
5041
5118
5118
4980
5023
4915
5154
4954
5130
5153
5156
5071
5052
5035
5221
5212
5098
5128
5247
5158
5152
5105
5161
5153
5186
5199
5153
5200
5334
5122
5172
5374
5256
5240
5344
5405
5199
5302
5359
5386
5342
5446
5431
5415
5418
5320
5354
5337
5531
5457
5442
5479
5451
5407
5519
5441
5535
5363
5614
5543
5401
5593
5498
5612
5414
5454
5422
5554
5613
5656
5488
5515
5628
5537
5660
5747
5754
5507
5523
5769
5655
5748
5639
5573
5709
5748
5783
5818
5790
5820
5790
5876
5707
5812
5679
5801
5804
5726
5855
5939
5992
5821
5923
5952
5998
5897
5815
5894
5957
5950
5896
6085
5967
5965
6000
6040
5875
5932
6043
5966
6030
5957
6162
6085
6040
6132
6018
6138
6228
6256
6284
6186
6160
6240
6104
6250
6183
6112
6337
6187
6263
6142
6263
6244
6351
6270
6234
6398
6256
6278
6318
6368
6340
6433
6367
6395
6278
6439
6427
6501
6334
6585
6355
6401
6513
6461
6553
6400
6585
6432
6483
6525
6518
6536
6722
6685
6726
6567
6720
6734
6641
6746
6662
6862
6859
6662
6817
6805
6921
6944
6971
6795
6755
6793
6808
7007
6771
6910
6802
6993
6921
7030
6821
7057
6880
6927
6833
7036
7076
7014
7121
7082
7026
7145
7047
7063
6979
7108
7093
6985
7206
7026
7133
7194
7171
7109
7337
7225
7126
7218
7151
7102
7167
7236
7358
7354
7358
7225
7253
7305
7220
7367
7301
7378
7325
7374
7331
7295
7324
7471
7308
7342
7507
7473
7373
7369
7562
7533
7361
7461
7519
7379
7483
7534
7529
7636
7582
7710
7583
7651
7634
7736
7664
7551
7716
7782
7738
7627
7768
7837
7669
7781
7910
7728
7959
7922
7733
7954
7787
7866
7846
7874
7959
7955
7893
7950
7966
7954
7968
8014
8130
8123
8106
8136
8013
8033
8160
8146
7985
8192
8037
8208
8165
