489
6713
2389
252
1109
2826
4000
617
5211
4094
5623
3134
265
3275
5939
7064
2130
595
6509
3056
5535
3254
1688
5321
5902
7352
6987
6410
4195
1018
6015
2055
3117
7075
4591
1470
894
2564
728
3837
2699
2863
4015
5419
4585
2003
5513
3930
3604
6615
674
1977
241
4433
5630
1850
1848
2076
7955
7361
5839
5302
7405
5051
1777
2323
1693
4120
2481
6176
3783
3174
7898
4593
7460
7950
5544
7884
1658
1390
6982
971
4514
2075
3382
673
1024
2313
1332
2725
4622
3698
4043
3991
7564
3430
75
6733
5967
2396
7340
4871
6991
5055
6054
3422
3322
5866
4776
4013
6855
5422
5829
5308
6854
2931
2834
6758
6210
7032
2507
879
7285
5500
7476
6810
645
2675
5394
5689
3556
2534
233
1779
2816
2268
645
4257
4488
5036
854
7418
6951
5906
6030
1672
4222
4353
1337
1159
5376
4704
3321
3271
5522
6056
6657
2613
3457
6972
7812
1008
1285
895
2866
6269
1132
3952
2861
3581
1915
4955
1081
1495
1155
2618
5502
1077
4473
967
7344
323
638
7310
2217
944
6788
45
1237
4917
2740
83
376
1439
3858
4661
1180
4957
335
7430
4606
2959
2264
3797
2709
6214
6611
3312
1630
1845
4096
6718
1946
5646
3668
1413
7379
7765
845
5332
1630
227
211
3629
2888
3233
5121
2638
7720
6423
315
7535
5289
2645
4595
7413
6125
4310
4691
5848
582
1759
6273
6006
2779
2954
2740
5186
1135
5629
4599
7773
3886
1679
3011
1990
4181
5014
4894
4516
5219
3196
176
1449
769
225
4187
666
6249
3394
144
3134
5878
3270
2
1335
873
3374
3886
530
5701
1856
2988
2997
1897
6578
6937
861
6220
3813
5116
3831
7323
1567
4717
4730
3422
3140
2894
7071
3376
5172
3693
4740
5344
4834
6692
2001
4796
7793
6690
1345
836
3194
7406
4857
2679
98
5137
257
3828
7952
6943
883
3355
913
6326
2252
3382
2730
5263
3378
3919
2701
5766
4224
2915
5585
4241
7708
7518
7758
3424
293
2195
1778
6571
7533
5687
1390
4170
1184
3502
4285
1760
1060
1570
1567
2788
2672
126
41
2503
1286
6569
5734
2084
2959
4528
3552
4631
6462
6485
4413
965
1402
7028
5283
6627
1482
6412
4514
7544
7731
5101
7296
6289
5772
2225
1356
3812
3141
3452
4621
89
4472
2140
4365
2083
1980
846
757
3953
1736
6352
4661
1159
4817
2934
2872
7059
1552
701
821
6310
4986
4133
1129
6806
7467
4442
2864
879
7022
891
33
1945
7793
928
3368
3356
6527
6452
471
6738
3918
3990
1573
7064
2062
4407
5312
5360
3121
1426
3054
5803
6846
7815
6139
458
3590
2482
6955
3708
5702
7656
7013
5102
5422
4356
4280
3132
4338
5375
1668
919
6755
4947
2363
5345
6128
3249
257
3146
7078
4266
1838
3722
1769
5375
6301
6742
7509
6334
1382
2626
1721
162
3473
2818
1249
7767
2165
7046
3114
4442
2715
5213
2779
6057
4014
3059
7647
7304
5083
7780
6619
3829
6384
1700
333
6234
5360
2929
7022
6030
4278
7948
5668
2803
3274
1508
6589
1001
6255
2834
2579
6031
2009
971
2989
771
7949
2808
7545
548
7989
6773
366
6516
1165
7519
1740
3588
7689
4120
3699
2142
7036
7013
3209
4647
7077
1045
6396
4793
3135
2896
4765
1479
3891
889
5212
313
3294
4579
2117
6090
7452
6081
2630
428
550
55
4299
1329
1393
3642
2542
5247
4078
5678
1880
6540
3053
2249
6665
242
5352
4045
4337
3296
2132
7040
7470
4145
1489
5028
6783
2586
1406
1363
3311
3508
3333
8
1902
1514
1004
1556
3199
1113
699
686
6879
6166
1573
846
4512
4041
1311
778
4463
2140
5950
2259
7301
1217
5030
3695
3930
7705
7499
409
1731
2313
1180
5535
2176
7978
6571
6321
3861
405
4288
2932
6265
2829
6961
3457
4521
1262
1275
6127
5973
1584
4814
2936
649
961
48
2258
2775
2541
1069
7761
2064
2591
4715
7853
3508
3722
2609
3533
5469
6532
5120
3300
5531
5886
5218
508
5472
4794
5242
4781
1711
3722
3500
1385
470
1629
5355
6375
3924
6971
5148
4955
5673
4637
3451
2723
4540
7995
1279
4607
7880
3237
6514
7162
3094
3802
6019
376
5897
2917
5348
3531
3595
3996
4013
3241
4292
5059
7433
238
1530
5715
2607
2669
4130
1523
2782
2415
3824
7808
293
5707
203
7551
2834
5011
3909
6311
7015
420
4294
1284
1048
3107
5086
5650
1911
2562
1956
2618
2203
3786
1177
6013
1205
2013
7460
7752
1881
5900
2288
61
6315
6184
775
4158
5091
7725
6440
1054
7997
1335
59
6110
1846
1429
4645
3539
4686
2576
261
7210
7052
4505
6411
1830
4570
543
2987
2695
423
4093
3381
