235
927
126
753
224
39
367
881
450
40
771
750
974
929
473
957
832
363
555
576
273
655
154
318
279
948
868
346
284
108
737
654
158
650
6
117
749
355
48
362
164
942
322
280
615
32
266
862
651
728
173
814
419
332
971
787
974
383
805
165
885
751
787
187
354
319
482
459
197
446
634
456
472
513
310
809
2
316
853
338
833
80
85
930
280
802
263
944
832
264
693
554
699
401
672
923
227
487
231
688
593
707
97
816
954
630
883
710
828
168
614
204
86
767
159
797
277
492
90
847
995
517
313
596
481
971
85
420
198
369
232
32
32
368
113
285
158
120
142
986
560
471
304
856
62
871
536
646
62
712
472
446
177
298
980
904
621
756
550
16
93
174
521
110
411
647
358
819
416
12
986
547
339
462
921
675
373
567
963
87
334
704
332
536
776
426
298
185
64
703
31
453
5
292
918
207
193
342
275
934
228
949
875
754
744
585
379
775
448
152
740
373
169
618
731
753
154
657
31
724
864
408
620
870
898
990
460
975
996
751
269
410
966
600
142
766
924
437
611
2
345
776
615
292
980
264
473
198
349
268
736
837
569
770
888
295
624
81
46
561
432
495
904
467
387
528
229
681
299
60
404
670
485
603
641
287
747
735
410
625
660
846
400
184
822
435
688
517
748
112
17
170
434
970
528
254
53
465
542
408
328
627
956
17
616
196
517
443
417
163
249
568
10
156
787
168
572
821
672
922
536
392
831
174
645
44
776
397
89
584
501
710
743
285
645
822
287
815
711
579
283
40
284
541
141
25
253
674
726
126
484
60
537
316
214
232
590
985
221
574
323
576
516
544
957
816
748
498
148
465
956
44
44
330
101
422
624
433
211
761
713
264
447
534
900
992
329
501
865
981
715
788
575
494
697
466
526
567
613
815
116
613
927
842
513
197
681
798
6
385
8
290
712
840
334
676
107
465
957
849
145
300
878
427
874
173
119
216
141
309
67
579
124
607
244
457
637
708
771
713
133
684
160
41
216
58
573
426
163
178
180
919
995
689
634
919
222
697
419
5
30
616
52
48
614
820
7
140
349
269
241
516
648
383
760
689
20
898
0
60
601
152
821
36
194
10
130
517
296
223
768
757
886
42
426
956
40
487
61
416
677
83
525
561
155
597
771
351
897
644
586
239
823
342
41
828
922
809
59
32
989
194
706
998
145
353
242
570
748
813
273
400
255
177
588
614
434
938
853
503
938
676
769
253
443
304
165
170
408
484
233
699
991
735
357
618
906
439
416
702
760
289
415
113
530
276
978
806
905
499
778
5
452
557
807
540
319
507
262
963
840
85
520
52
651
673
909
14
446
985
47
765
918
112
652
479
760
824
859
645
148
139
79
260
659
205
225
207
577
946
47
931
869
249
963
806
798
684
423
269
16
179
28
825
484
36
162
317
717
506
378
175
615
343
231
480
642
774
154
898
212
538
205
29
420
588
671
166
74
477
310
60
997
465
283
600
437
700
655
616
950
380
308
888
806
378
718
975
861
854
56
193
915
390
803
510
696
794
608
790
133
151
31
439
280
343
72
557
516
249
791
92
271
995
21
253
341
656
337
355
161
911
581
48
604
90
573
777
366
855
322
827
209
375
812
153
6
208
167
195
455
498
732
732
811
282
609
416
328
118
27
304
394
102
110
548
402
819
135
140
354
391
633
666
740
368
403
847
530
2
19
849
817
104
708
93
415
615
707
935
851
167
0
28
835
335
7
32
496
588
69
224
823
286
440
694
9
183
736
685
745
376
986
600
917
209
955
355
542
405
928
957
178
504
988
905
273
990
28
496
284
898
524
772
161
663
252
483
651
86
453
614
335
485
950
429
1
40
19
649
157
271
516
926
961
580
788
771
127
599
336
944
33
520
559
906
933
992
833
573
784
116
336
407
383
6
131
477
960
914
434
36
71
827
219
838
452
120
331
112
650
126
304
68
3
642
195
23
774
235
571
792
875
506
476
228
805
552
871
475
902
562
523
752
793
659
313
202
896
262
349
930
805
671
456
248
30
717
82
510
129
133
853
473
351
350
181
736
190
181
596
410
799
797
762
216
958
116
897
732
103
957
158
125
877
253
324
160
397
740
290
85
466
531
981
91
418
652
800
368
630
370
191
192
855
670
964
497
675
939
528
738
798
550
147
198
517
838
783
297
342
588
951
13
980
591
437
321
271
679
680
855
384
739
124
417
545
857
788
703
563
42
770
959
201
704
735
865
2
84
782
630
604
656
427
845
836
190
826
761
